r    N(r)    fit    slope3    slope2
# Fractal dimension D_f = 2.769444
# Intercept = -0.341764
# Std error = 0.016599

2.400000000000000355e+00 9.310000000000000497e+00 8.026893131466076525e+00 8.026893131466076525e+00 8.026893131466076525e+00
2.759183673469387976e+00 1.450000000000000000e+01 1.181111659837084105e+01 1.219707208447684366e+01 1.060928755276979807e+01
3.118367346938776041e+00 1.866000000000000014e+01 1.657592072502946579e+01 1.760741410367300119e+01 1.355125588083733490e+01
3.477551020408163662e+00 2.528999999999999915e+01 2.241818295953439133e+01 2.441936053494849546e+01 1.685279811566867991e+01
3.836734693877551727e+00 2.878000000000000114e+01 2.943222874182687576e+01 3.279435272419728165e+01 2.051391425726382778e+01
4.195918367346939348e+00 3.790999999999999659e+01 3.771015459748088716e+01 4.289383201731331496e+01 2.453460430562278916e+01
4.555102040816326969e+00 4.593999999999999773e+01 4.734208381690128675e+01 5.487923976019055061e+01 2.891486826074555694e+01
4.914285714285714590e+00 5.540999999999999659e+01 5.841637339282197416e+01 6.891201729872294379e+01 3.365470612263214178e+01
5.273469387755103099e+00 6.595999999999999375e+01 7.101978463845611600e+01 8.515360597880449234e+01 3.875411789128253304e+01
5.632653061224489832e+00 8.135999999999999943e+01 8.523762605935561965e+01 1.037654471463290378e+02 4.421310356669672359e+01
5.991836734693878341e+00 9.520000000000000284e+01 1.011538745788289049e+02 1.249089821471906845e+02 5.003166314887474186e+01
6.351020408163265962e+00 1.116899999999999977e+02 1.188512795704367448e+02 1.487456523272832953e+02 5.620979663781656654e+01
6.710204081632653583e+00 1.241099999999999994e+02 1.384114530217683523e+02 1.754368990325008042e+02 6.274750403352219053e+01
7.069387755102041204e+00 1.460500000000000114e+02 1.599149483587520422e+02 2.051441636087372444e+02 6.964478533599162802e+01
7.428571428571429713e+00 1.732700000000000102e+02 1.834413298874770817e+02 2.380288874018865499e+02 7.690164054522489323e+01
7.787755102040817334e+00 1.965900000000000034e+02 2.090692343903084236e+02 2.742525117578425693e+02 8.451806966122192932e+01
8.146938775510204067e+00 2.127500000000000000e+02 2.368764260991252115e+02 3.139764780224993501e+02 9.249407268398279314e+01
8.506122448979592576e+00 2.468600000000000136e+02 2.669398460302538183e+02 3.573622275417509400e+02 1.008296496135074705e+02
8.865306122448981085e+00 2.794800000000000182e+02 2.993356564823116628e+02 4.045712016614912159e+02 1.095248004497959613e+02
9.224489795918369595e+00 3.137400000000000091e+02 3.341392813552848224e+02 4.557648417276142254e+02 1.185795251928483083e+02
9.583673469387756327e+00 3.637200000000000273e+02 3.714254428365127296e+02 5.111045890860134477e+02 1.279938238426643551e+02
9.942857142857143060e+00 4.011399999999999864e+02 4.112681949095270397e+02 5.707518850825832715e+02 1.377676963992442438e+02
1.030204081632653157e+01 4.353100000000000023e+02 4.537409540695279588e+02 6.348681710632180284e+02 1.479011428625880171e+02
1.066122448979592008e+01 4.710500000000000114e+02 4.989165275707347860e+02 7.036148883738107997e+02 1.583941632326955471e+02
1.102040816326530681e+01 5.318700000000000045e+02 5.468671394829684687e+02 7.771534783602559173e+02 1.692467575095668622e+02
1.137959183673469532e+01 5.876100000000000136e+02 5.976644547953632127e+02 8.556453823684479403e+02 1.804589256932020760e+02
1.173877551020408205e+01 6.333899999999999864e+02 6.513796017723597060e+02 9.392520417442797225e+02 1.920306677836010181e+02
1.209795918367347056e+01 6.942000000000000455e+02 7.080831927398007792e+02 1.028134897833645709e+03 2.039619837807637737e+02
1.245714285714285907e+01 7.447100000000000364e+02 7.678453434559604602e+02 1.122455391982440688e+03 2.162528736846903996e+02
1.281632653061224580e+01 8.073700000000000045e+02 8.307356912029399609e+02 1.222374965536557056e+03 2.289033374953807538e+02
1.317551020408163431e+01 8.905199999999999818e+02 8.968234117173656159e+02 1.328055059841889715e+03 2.419133752128349499e+02
1.353469387755102105e+01 9.702500000000000000e+02 9.661772350652515797e+02 1.439657116244332428e+03 2.552829868370529312e+02
1.389387755102040956e+01 1.039279999999999973e+03 1.038865460553820867e+03 1.557342576089779641e+03 2.690121723680347827e+02
1.425306122448979806e+01 1.129490000000000009e+03 1.114955970762673360e+03 1.681272880724124434e+03 2.831009318057804194e+02
1.461224489795918480e+01 1.203799999999999955e+03 1.194516244767702119e+03 1.811609471493261026e+03 2.975492651502898411e+02
1.497142857142857331e+01 1.301039999999999964e+03 1.277613370623344963e+03 1.948513789743084317e+03 3.123571724015631048e+02
1.533061224489796004e+01 1.384819999999999936e+03 1.364314057161942628e+03 2.092147276819486706e+03 3.275246535596002104e+02
1.568979591836734855e+01 1.473789999999999964e+03 1.454684645163040841e+03 2.242671374068362638e+03 3.430517086244009874e+02
1.604897959183673706e+01 1.556859999999999900e+03 1.548791117940215827e+03 2.400247522835607924e+03 3.589383375959657769e+02
1.640816326530612201e+01 1.707819999999999936e+03 1.646699111388431220e+03 2.565037164467112689e+03 3.751845404742941241e+02
1.676734693877551052e+01 1.816880000000000109e+03 1.748473923530855927e+03 2.737201740308774333e+03 3.917903172593864269e+02
1.712653061224489903e+01 1.935369999999999891e+03 1.854180523600462266e+03 2.916902691706485257e+03 4.087556679512425717e+02
1.748571428571428754e+01 2.053039999999999964e+03 1.963883560688559555e+03 3.104301460006141497e+03 4.260805925498625015e+02
1.784489795918367605e+01 2.173260000000000218e+03 2.077647371989533895e+03 3.299559486553633178e+03 4.437650910552462733e+02
1.820408163265306456e+01 2.327670000000000073e+03 2.195535990668553950e+03 3.502838212694858157e+03 4.618091634673938302e+02
1.856326530612245307e+01 2.466889999999999873e+03 2.317613153376709306e+03 3.714299079775708378e+03 4.802128097863052290e+02
1.892244897959184158e+01 2.620659999999999854e+03 2.443942307436017472e+03 3.934103529142077150e+03 4.989760300119804128e+02
1.928163265306122298e+01 2.716119999999999891e+03 2.574586617714902331e+03 4.162413002139854143e+03 5.180988241444189271e+02
1.964081632653061149e+01 2.921539999999999964e+03 2.709608973213098125e+03 4.399388940114946308e+03 5.375811921836219653e+02
2.000000000000000000e+01 3.107829999999999927e+03 2.849071993373408986e+03 4.645192784413236950e+03 5.574231341295885613e+02
