3.040434266706609767e-01 7.160322633932577653e-03
2.166710519901817178e-01 5.597961150266134861e-03
3.564759399233820014e-01 8.183783909529850770e-03
2.581148990470723548e-01 7.940909472222854038e-03
1.647765894839873513e-01 5.742516280484615161e-03
1.281128752832089712e-01 5.749230549542270335e-03
7.589499424401217713e-03 7.107329904203377006e-04
1.061404713687847355e-02 1.164345461898811090e-03
2.982855800250151096e-02 2.048663005117202715e-03
1.381957000280558193e-02 9.910702992545550923e-04
