3.354862415992274083e-01 1.048453816414743507e-02
2.420780925448918208e-01 9.272139115589266012e-03
3.900203121098288483e-01 1.154050744935980130e-02
2.779486577250251389e-01 1.015028483228978123e-02
1.866186203221257833e-01 7.413229151804106090e-03
1.411670963152984182e-01 6.970447048803794614e-03
1.075219243754099371e-02 9.951381506475684337e-04
1.252419356760563207e-02 1.066536657633075907e-03
3.647963998695724630e-02 2.468342985348912812e-03
1.748041357841918081e-02 9.737326546977734731e-04
