4.018518336816629954e-01 8.958681809387939940e-03
2.997925479109023739e-01 8.377833122645424527e-03
4.603728183501624160e-01 9.251522012932037256e-03
3.311333232459403586e-01 9.675786043317168017e-03
2.426845923730735488e-01 8.229054019657120952e-03
1.816036031751489810e-01 6.693673208135671703e-03
1.457453254763318648e-02 8.135318065945780627e-04
1.623055711258638081e-02 1.261093595564333116e-03
4.239417362560241043e-02 2.625080673710515448e-03
1.804490083552869398e-02 1.363585385977309633e-03
