4.000000000000000000e+00 0.000000000000000000e+00
5.241379310344827402e+00 0.000000000000000000e+00
6.482758620689654805e+00 0.000000000000000000e+00
7.724137931034483096e+00 0.000000000000000000e+00
8.965517241379309610e+00 0.000000000000000000e+00
1.020689655172413879e+01 6.105006105006105001e-05
1.144827586206896619e+01 6.105006105006105001e-05
1.268965517241379359e+01 5.189255189255189251e-04
1.393103448275862100e+01 1.739926739926740034e-03
1.517241379310344840e+01 2.899877899877899984e-03
1.641379310344827758e+01 6.013431013431013751e-03
1.765517241379310320e+01 1.166056166056166077e-02
1.889655172413793238e+01 2.390109890109889945e-02
2.013793103448275801e+01 4.010989010989011311e-02
2.137931034482758719e+01 6.431623931623930979e-02
2.262068965517241281e+01 9.175824175824175144e-02
2.386206896551724199e+01 1.218864468864468836e-01
2.510344827586207117e+01 1.372100122100122221e-01
2.634482758620689680e+01 1.336080586080586052e-01
2.758620689655172598e+01 1.217032967032967011e-01
2.882758620689655160e+01 9.841269841269841001e-02
3.006896551724138078e+01 6.559829059829060116e-02
3.131034482758620641e+01 3.943833943833943700e-02
3.255172413793103203e+01 2.240537240537240557e-02
3.379310344827586476e+01 1.056166056166056230e-02
3.503448275862069039e+01 3.785103785103785101e-03
3.627586206896551602e+01 1.526251526251526250e-03
3.751724137931034875e+01 7.020757020757020751e-04
3.875862068965517437e+01 9.157509157509157501e-05
4.000000000000000000e+01 0.000000000000000000e+00
