4.000000000000000000e+00 9.271569519277867843e-05
5.241379310344827402e+00 3.078860821496046639e-04
6.482758620689654805e+00 9.324050101462459054e-04
7.724137931034483096e+00 2.202435099013365198e-03
8.965517241379309610e+00 4.474844307606185706e-03
1.020689655172413879e+01 8.214960464628088058e-03
1.144827586206896619e+01 1.306591561122384670e-02
1.268965517241379359e+01 2.018927996641242673e-02
1.393103448275862100e+01 2.915121405080120520e-02
1.517241379310344840e+01 4.162759778881813810e-02
1.641379310344827758e+01 5.817997340983836058e-02
1.765517241379310320e+01 7.649394723952138153e-02
1.889655172413793238e+01 9.506157721642992386e-02
2.013793103448275801e+01 1.094639983206213696e-01
2.137931034482758719e+01 1.156304667273108933e-01
2.262068965517241281e+01 1.121842418305227101e-01
2.386206896551724199e+01 9.737946959624939336e-02
2.510344827586207117e+01 7.689629836960325260e-02
2.634482758620689680e+01 5.622069834161360496e-02
2.758620689655172598e+01 3.630781610804002801e-02
2.882758620689655160e+01 2.205933804492337877e-02
3.006896551724138078e+01 1.217724441956476167e-02
3.131034482758620641e+01 6.252186690924358380e-03
3.255172413793103203e+01 3.019382828353509192e-03
3.379310344827586476e+01 1.408228955286543963e-03
3.503448275862069039e+01 5.370512910223217791e-04
3.627586206896551602e+01 2.659016164019312612e-04
3.751724137931034875e+01 1.102092225876425736e-04
3.875862068965517437e+01 3.848576026870058299e-05
4.000000000000000000e+01 0.000000000000000000e+00
