5.000000000000000104e-03 0.000000000000000000e+00 0.000000000000000000e+00 0.000000000000000000e+00
1.499999999999999944e-02 0.000000000000000000e+00 0.000000000000000000e+00 0.000000000000000000e+00
2.500000000000000139e-02 0.000000000000000000e+00 0.000000000000000000e+00 0.000000000000000000e+00
3.500000000000000333e-02 0.000000000000000000e+00 0.000000000000000000e+00 0.000000000000000000e+00
4.499999999999999833e-02 0.000000000000000000e+00 0.000000000000000000e+00 0.000000000000000000e+00
5.500000000000000722e-02 0.000000000000000000e+00 0.000000000000000000e+00 0.000000000000000000e+00
6.500000000000000222e-02 0.000000000000000000e+00 0.000000000000000000e+00 0.000000000000000000e+00
7.500000000000001110e-02 0.000000000000000000e+00 0.000000000000000000e+00 0.000000000000000000e+00
8.499999999999999223e-02 0.000000000000000000e+00 0.000000000000000000e+00 0.000000000000000000e+00
9.500000000000000111e-02 0.000000000000000000e+00 0.000000000000000000e+00 0.000000000000000000e+00
1.050000000000000100e-01 0.000000000000000000e+00 0.000000000000000000e+00 0.000000000000000000e+00
1.149999999999999911e-01 0.000000000000000000e+00 0.000000000000000000e+00 0.000000000000000000e+00
1.250000000000000000e-01 0.000000000000000000e+00 0.000000000000000000e+00 0.000000000000000000e+00
1.350000000000000089e-01 0.000000000000000000e+00 0.000000000000000000e+00 0.000000000000000000e+00
1.450000000000000178e-01 0.000000000000000000e+00 0.000000000000000000e+00 0.000000000000000000e+00
1.549999999999999989e-01 0.000000000000000000e+00 0.000000000000000000e+00 0.000000000000000000e+00
1.650000000000000078e-01 3.471947828447583240e-06 0.000000000000000000e+00 0.000000000000000000e+00
1.750000000000000167e-01 1.375279017394045273e-05 0.000000000000000000e+00 0.000000000000000000e+00
1.849999999999999978e-01 3.911558018642470852e-05 0.000000000000000000e+00 0.000000000000000000e+00
1.950000000000000067e-01 9.030183205463439505e-05 0.000000000000000000e+00 0.000000000000000000e+00
2.050000000000000155e-01 1.714056838085858080e-04 0.000000000000000000e+00 0.000000000000000000e+00
2.149999999999999967e-01 2.686929799873031210e-04 0.000000000000000000e+00 0.000000000000000000e+00
2.250000000000000056e-01 3.748566250309444989e-04 0.000000000000000000e+00 0.000000000000000000e+00
2.350000000000000144e-01 4.882631302346837794e-04 0.000000000000000000e+00 0.000000000000000000e+00
2.449999999999999956e-01 6.161697044608476902e-04 0.000000000000000000e+00 0.000000000000000000e+00
2.550000000000000044e-01 7.412609198474256469e-04 0.000000000000000000e+00 0.000000000000000000e+00
2.650000000000000133e-01 8.226599440690783365e-04 0.000000000000000000e+00 0.000000000000000000e+00
2.750000000000000222e-01 8.376006693451322482e-04 0.000000000000000000e+00 0.000000000000000000e+00
2.850000000000000311e-01 8.024043418046750012e-04 0.000000000000000000e+00 0.000000000000000000e+00
2.949999999999999845e-01 7.605967831275040275e-04 0.000000000000000000e+00 0.000000000000000000e+00
3.049999999999999933e-01 7.446522484277299375e-04 0.000000000000000000e+00 0.000000000000000000e+00
3.150000000000000022e-01 7.574325016050180957e-04 0.000000000000000000e+00 0.000000000000000000e+00
3.250000000000000111e-01 7.807067207737292645e-04 7.005367097766811151e-07 0.000000000000000000e+00
3.350000000000000200e-01 8.006999815594100173e-04 2.607731774402773796e-06 0.000000000000000000e+00
3.450000000000000289e-01 8.115697248329955399e-04 7.573482650188155613e-06 0.000000000000000000e+00
3.550000000000000377e-01 8.088850456205376937e-04 1.715871617417675645e-05 0.000000000000000000e+00
3.649999999999999911e-01 7.925164433508038227e-04 3.032423258076093474e-05 0.000000000000000000e+00
3.750000000000000000e-01 7.661819645882570352e-04 4.233621871044525808e-05 0.000000000000000000e+00
3.850000000000000089e-01 7.523159383255110773e-04 4.694978730211046890e-05 0.000000000000000000e+00
3.950000000000000178e-01 7.828410819338179607e-04 4.356471598302193296e-05 0.000000000000000000e+00
4.050000000000000266e-01 8.831430477574247215e-04 3.807192761821402119e-05 0.000000000000000000e+00
4.150000000000000355e-01 1.043717815287540382e-03 3.734897989270047813e-05 0.000000000000000000e+00
4.249999999999999889e-01 1.213838326080466951e-03 4.232728259613977018e-05 0.000000000000000000e+00
4.349999999999999978e-01 1.331254965129522773e-03 5.075353491360998172e-05 0.000000000000000000e+00
4.450000000000000067e-01 1.378911980291437026e-03 6.383370473465028549e-05 0.000000000000000000e+00
4.550000000000000155e-01 1.403824890004597495e-03 8.607872980120061690e-05 0.000000000000000000e+00
4.650000000000000244e-01 1.467062439487785887e-03 1.157487319729636496e-04 0.000000000000000000e+00
4.750000000000000333e-01 1.592264129531706460e-03 1.402163446857911404e-04 0.000000000000000000e+00
4.849999999999999867e-01 1.756109655472988876e-03 1.451755008715072386e-04 0.000000000000000000e+00
4.949999999999999956e-01 1.928700605363856038e-03 1.274869182661385347e-04 0.000000000000000000e+00
5.050000000000000044e-01 2.105586517747793859e-03 9.650684671850212973e-05 0.000000000000000000e+00
5.150000000000000133e-01 2.294012746134690278e-03 6.567268374871730358e-05 6.302796687621850910e-07
5.250000000000000222e-01 2.502937260922161698e-03 4.439715230297600545e-05 3.034258880260500563e-06
5.350000000000000311e-01 2.738672429540288042e-03 4.045969313136626771e-05 9.535446347890550847e-06
5.450000000000000400e-01 3.015833326634712215e-03 6.241902696449191847e-05 2.363179280373021513e-05
5.550000000000000488e-01 3.349555537922135808e-03 1.176653601983128599e-04 4.797609902078415589e-05
5.650000000000000577e-01 3.745536732569861808e-03 2.041417268220917930e-04 8.273915351882075195e-05
5.750000000000000666e-01 4.190613019534562486e-03 3.055093886785749261e-04 1.258686058708506769e-04
5.849999999999999645e-01 4.648207003544976498e-03 4.071906664550532903e-04 1.868206239314613504e-04
5.949999999999999734e-01 5.184555398841900892e-03 5.297680019011408257e-04 2.987947340618788946e-04
6.049999999999999822e-01 5.813410315970501258e-03 6.857088454424195654e-04 4.680355499855837686e-04
6.149999999999999911e-01 6.574373137046484079e-03 8.902704195003941379e-04 6.798258684305349530e-04
6.250000000000000000e-01 7.490960329329719378e-03 1.124385452317389587e-03 8.956078650656772730e-04
6.350000000000000089e-01 8.571245639284262585e-03 1.380203498489675305e-03 1.099276000994667398e-03
6.450000000000000178e-01 9.694982250876702651e-03 1.643608137152691943e-03 1.289010491923538084e-03
6.550000000000000266e-01 1.090975106287543107e-02 1.959142217381543843e-03 1.519461275829897279e-03
6.650000000000000355e-01 1.229012287798378344e-02 2.384981996774955103e-03 1.855860784529276154e-03
6.750000000000000444e-01 1.394226532983553445e-02 2.991455315818432239e-03 2.367199664027258912e-03
6.850000000000000533e-01 1.595958757241220521e-02 3.856211534654853390e-03 3.130415882369758096e-03
6.950000000000000622e-01 1.841736662325464680e-02 5.038981766827780630e-03 4.200355404836481413e-03
7.050000000000000711e-01 2.139121489652866942e-02 6.553911762176548375e-03 5.574665674072503893e-03
7.149999999999999689e-01 2.495561059038963261e-02 8.373405406384211436e-03 7.205391796655765888e-03
7.249999999999999778e-01 2.918659908567297623e-02 1.048998696411311549e-02 9.068358480027075702e-03
7.349999999999999867e-01 3.418464995440933379e-02 1.299639575483976447e-02 1.126914759933625443e-02
7.449999999999999956e-01 4.006839652185735512e-02 1.609463896353556175e-02 1.404527229226877269e-02
7.550000000000000044e-01 4.699806528685426116e-02 2.006223589129544141e-02 1.771712243247263591e-02
7.650000000000000133e-01 5.527602966324057787e-02 2.524786017717896638e-02 2.263864554267317267e-02
7.750000000000000222e-01 6.532534523950499217e-02 3.202961161980598381e-02 2.920394822163253565e-02
7.850000000000000311e-01 7.772991499410324134e-02 4.086081137317523065e-02 3.784854049645178936e-02
7.950000000000000400e-01 9.313712556669125064e-02 5.228675126704632886e-02 4.916378134487557616e-02
8.050000000000000488e-01 1.122621880580192411e-01 6.703182134432256190e-02 6.394452682978957192e-02
8.150000000000000577e-01 1.359085306924830983e-01 8.603128312965822866e-02 8.313224708021393905e-02
8.250000000000000666e-01 1.650062056117317100e-01 1.104937403396715478e-01 1.078661976851515714e-01
8.350000000000000755e-01 2.007445819708948420e-01 1.419957480959030960e-01 1.396385207710359178e-01
8.449999999999999734e-01 2.428011342469676426e-01 1.808121344533565045e-01 1.787211007288795617e-01
8.549999999999999822e-01 2.964802414769896477e-01 2.321916226354755197e-01 2.304741381189593930e-01
8.649999999999999911e-01 3.626418689318907651e-01 2.972699762390077494e-01 2.960463363880730947e-01
8.750000000000000000e-01 4.439030169796508440e-01 3.785510106426505095e-01 3.780207582893835294e-01
8.850000000000000089e-01 5.432546716677240095e-01 4.793588784362612931e-01 4.796185878680278014e-01
8.950000000000000178e-01 6.687124485723329181e-01 6.084836268886902877e-01 6.095221469430770478e-01
9.050000000000000266e-01 8.142825547702663425e-01 7.610388991758925137e-01 7.630569308551898855e-01
9.150000000000000355e-01 9.857309805304593775e-01 9.440116082089058391e-01 9.474507183175449043e-01
9.250000000000000444e-01 1.183801279116780680e+00 1.159017396412514556e+00 1.164616952516091430e+00
9.350000000000000533e-01 1.408021788962710019e+00 1.405762703390144974e+00 1.414719116368366336e+00
9.450000000000000622e-01 1.656001625733493965e+00 1.681495486442607712e+00 1.695548219069538565e+00
9.550000000000000711e-01 1.922368180707637819e+00 1.980208406520131303e+00 2.001514581785439173e+00
9.649999999999999689e-01 2.198459598555312144e+00 2.292678933602077418e+00 2.323526555426460138e+00
9.749999999999999778e-01 2.471752109164886857e+00 2.605758795917541892e+00 2.648095328453609287e+00
9.849999999999999867e-01 2.728238708478943231e+00 2.904048776468743931e+00 2.958516774437195185e+00
9.949999999999999956e-01 2.953461691063465899e+00 3.170992371407591826e+00 3.236209658686878043e+00
1.004999999999999893e+00 3.134274574590399265e+00 3.391184900744778297e+00 3.464260267975226348e+00
1.015000000000000124e+00 3.259158552744213289e+00 3.551109712542723340e+00 3.629203978097781835e+00
1.024999999999999911e+00 3.321132290303804524e+00 3.641904179681638709e+00 3.723390507337727140e+00
1.035000000000000142e+00 3.315612757691774881e+00 3.657100874065750240e+00 3.741506401171567298e+00
1.044999999999999929e+00 3.243661237474843695e+00 3.596350594647783616e+00 3.683801647398590173e+00
1.055000000000000160e+00 3.111931174965556046e+00 3.465950016552723500e+00 3.556923817725738957e+00
1.064999999999999947e+00 2.931684955085968713e+00 3.278037985539557830e+00 3.372968611475683609e+00
1.075000000000000178e+00 2.716765084297345645e+00 3.048110962040051497e+00 3.146649871592985370e+00
1.084999999999999964e+00 2.481295686041143256e+00 2.792352077013100065e+00 2.892848704425639461e+00
1.095000000000000195e+00 2.237938579490927893e+00 2.525558530377272071e+00 2.625502860396191629e+00
1.104999999999999982e+00 1.997248970418091130e+00 2.260136985705862855e+00 2.357043254259771459e+00
1.115000000000000213e+00 1.767527203624251531e+00 2.005583992205812294e+00 2.097683849820198176e+00
1.125000000000000000e+00 1.554783248072172164e+00 1.768417060489247961e+00 1.854752033914372600e+00
1.135000000000000231e+00 1.362735636854714327e+00 1.552619094704404956e+00 1.632821530644659180e+00
1.145000000000000018e+00 1.193051675496419550e+00 1.360301525890309948e+00 1.434115801208758922e+00
1.155000000000000249e+00 1.045805912478569244e+00 1.192101962648868252e+00 1.258987468648634644e+00
1.165000000000000036e+00 9.206655187189977108e-01 1.048172095092301692e+00 1.107359673129441280e+00
1.174999999999999822e+00 8.136495167977584320e-01 9.242750708140580196e-01 9.751316200729833739e-01
1.185000000000000053e+00 7.231702284279613036e-01 8.187010672079433338e-01 8.614852492665008299e-01
1.194999999999999840e+00 6.469100269058030150e-01 7.288423112207643717e-01 7.647582909666620354e-01
1.205000000000000071e+00 5.830495201269711991e-01 6.525308614035184585e-01 6.831585614145989638e-01
1.214999999999999858e+00 5.300897352713369592e-01 5.879002625474972765e-01 6.144760740103341057e-01
1.225000000000000089e+00 4.865700725606603716e-01 5.331946867878226692e-01 5.562983511490058319e-01
1.234999999999999876e+00 4.509630714243125782e-01 4.867965561574142397e-01 5.065467888992434276e-01
1.245000000000000107e+00 4.218126814447929473e-01 4.473255182104384220e-01 4.636949009905736441e-01
1.254999999999999893e+00 3.979156562125915064e-01 4.136986355050981112e-01 4.266428106748509919e-01
1.265000000000000124e+00 3.781477123349781810e-01 3.848878148364974772e-01 3.943414889518318533e-01
1.274999999999999911e+00 3.624106065319391834e-01 3.608744954613584688e-01 3.665793648137335992e-01
1.285000000000000142e+00 3.499771550838078338e-01 3.407638855016658086e-01 3.418021030770908575e-01
1.294999999999999929e+00 3.404764497366993270e-01 3.240253484114015703e-01 3.186794436960161958e-01
1.305000000000000160e+00 3.336306655986193137e-01 3.104397961076542645e-01 2.967878941108827995e-01
1.314999999999999947e+00 3.292144733421146774e-01 3.002013375468967071e-01 2.773554607989533460e-01
1.325000000000000178e+00 3.270110854598909933e-01 2.936003022602051704e-01 2.625328549411082291e-01
1.334999999999999964e+00 3.267724292160700261e-01 2.905579033141309497e-01 2.537065041222095751e-01
1.345000000000000195e+00 3.282182800188788163e-01 2.904598450362695927e-01 2.505126056137667589e-01
1.354999999999999982e+00 3.310973203874644777e-01 2.925562260671303316e-01 2.515149706652025086e-01
1.365000000000000213e+00 3.352436264139906918e-01 2.963199354574269084e-01 2.552320644054691390e-01
1.375000000000000000e+00 3.405711410909638137e-01 3.015440444319901214e-01 2.606424511074518779e-01
1.385000000000000231e+00 3.471039149352626585e-01 3.082400114423610171e-01 2.672490233927172776e-01
1.395000000000000018e+00 3.549481093094696282e-01 3.164681054666176330e-01 2.748754381226177212e-01
1.405000000000000249e+00 3.641630165577722233e-01 3.262177243574990726e-01 2.835804403128577844e-01
1.415000000000000036e+00 3.747729968057417205e-01 3.374141040179396978e-01 2.936123402750937528e-01
1.424999999999999822e+00 3.862457126769391902e-01 3.495223745681038663e-01 3.049303436947411461e-01
1.435000000000000053e+00 3.984745770239587204e-01 3.624601973339096062e-01 3.178274242051208898e-01
1.444999999999999840e+00 4.113593806693559563e-01 3.762419156428128408e-01 3.324310261542073874e-01
1.455000000000000071e+00 4.254430474104587967e-01 3.914693213092362845e-01 3.491261014468011181e-01
1.464999999999999858e+00 4.408688080534514664e-01 4.083882358527617384e-01 3.678950249032840736e-01
1.475000000000000089e+00 4.576974446414078246e-01 4.272108148300561292e-01 3.888110153608165254e-01
1.484999999999999876e+00 4.757778439124263348e-01 4.479712278407410042e-01 4.118834543161985495e-01
1.495000000000000107e+00 4.949120048251026693e-01 4.706479402138798451e-01 4.371101038177885312e-01
1.504999999999999893e+00 5.150278441999762702e-01 4.952666184138682648e-01 4.645609041189024957e-01
1.515000000000000124e+00 5.362279168052936917e-01 5.220204455342496441e-01 4.944897342907017546e-01
1.524999999999999911e+00 5.587093513254725030e-01 5.511620579770365458e-01 5.271665300780699059e-01
1.535000000000000142e+00 5.827558251286848456e-01 5.829620524051086772e-01 5.627602734094339088e-01
1.544999999999999929e+00 6.086663830402577746e-01 6.175694118199847038e-01 6.011965506365075651e-01
1.555000000000000160e+00 6.367444156220626317e-01 6.550763894058961867e-01 6.423754405539143786e-01
1.564999999999999947e+00 6.670996375890272390e-01 6.953814238562234795e-01 6.861911355191776529e-01
1.575000000000000178e+00 6.995379401429394628e-01 7.381107041312797712e-01 7.325353124734566013e-01
1.584999999999999964e+00 7.336579158991769489e-01 7.827382389754252712e-01 7.812879837723831766e-01
1.595000000000000195e+00 7.691082514445639617e-01 8.289710116484251268e-01 8.323981212865921853e-01
1.604999999999999982e+00 8.057744962255094512e-01 8.769281091560982011e-01 8.858764640734229090e-01
1.615000000000000213e+00 8.436929798316420426e-01 9.268216901186357992e-01 9.416008504826388625e-01
1.625000000000000000e+00 8.827770666725228699e-01 9.784406961260279090e-01 9.990187579534335338e-01
1.635000000000000231e+00 9.226727542893152778e-01 1.030981786978500292e+00 1.057070396019048619e+00
1.645000000000000018e+00 9.627994273352067367e-01 1.083203222465234594e+00 1.114256146266769720e+00
1.655000000000000249e+00 1.002566036562132723e+00 1.133824671412533958e+00 1.169040004516903597e+00
1.665000000000000036e+00 1.041428775658215899e+00 1.181711015366145423e+00 1.220180814784929568e+00
1.674999999999999822e+00 1.079285989938739032e+00 1.226461917627828413e+00 1.267371423935437447e+00
1.685000000000000053e+00 1.115137291862354774e+00 1.267041710457269765e+00 1.309770905199719948e+00
1.694999999999999840e+00 1.148610117691795329e+00 1.303361383204186597e+00 1.347442139978389131e+00
1.705000000000000071e+00 1.179980711112499581e+00 1.336215945029812557e+00 1.381336105187108476e+00
1.714999999999999858e+00 1.208359731367355305e+00 1.364982249402152847e+00 1.410844110337865276e+00
1.725000000000000089e+00 1.233127473714044520e+00 1.389003621782288533e+00 1.435114727827039083e+00
1.734999999999999876e+00 1.253816129190910678e+00 1.407478336576320377e+00 1.452965273432602400e+00
1.745000000000000107e+00 1.270197298279339027e+00 1.419950174431985568e+00 1.463651742279928225e+00
1.754999999999999893e+00 1.282143235982211582e+00 1.426448835736421117e+00 1.467163237321393865e+00
1.765000000000000124e+00 1.289517196452049763e+00 1.427305528576684912e+00 1.463987228195248402e+00
1.774999999999999911e+00 1.292349646816103093e+00 1.422963207616431802e+00 1.454864585053739612e+00
1.785000000000000142e+00 1.291025369784295718e+00 1.414102581599773867e+00 1.441035025821411741e+00
1.794999999999999929e+00 1.286264500714915826e+00 1.401720443486552226e+00 1.424157460865231872e+00
1.805000000000000160e+00 1.278793374618931722e+00 1.386849082900035501e+00 1.405495901974326722e+00
1.814999999999999947e+00 1.269207359522940060e+00 1.370384307523329737e+00 1.385438941474525842e+00
1.825000000000000178e+00 1.257923408152909373e+00 1.352940798415920964e+00 1.363833920703035663e+00
1.834999999999999964e+00 1.245260011082759855e+00 1.334907396403859581e+00 1.340818558788126058e+00
1.845000000000000195e+00 1.231516405340454146e+00 1.316574514302385035e+00 1.317222144616090551e+00
1.854999999999999982e+00 1.217114277812989753e+00 1.298338718247519008e+00 1.294181601063712161e+00
1.865000000000000213e+00 1.202636708311866531e+00 1.280809286568026728e+00 1.272609555060882691e+00
1.875000000000000000e+00 1.188713136799732561e+00 1.264655995577353753e+00 1.253085436814550979e+00
1.885000000000000231e+00 1.175860619868646761e+00 1.250360501012251380e+00 1.236040894282174563e+00
1.895000000000000018e+00 1.164447553716331463e+00 1.238128392018847723e+00 1.221880988689023173e+00
1.905000000000000249e+00 1.154701051337671425e+00 1.228124614999607678e+00 1.210936136414530795e+00
1.915000000000000036e+00 1.146661212811201036e+00 1.220500740767704428e+00 1.203176936852228263e+00
1.924999999999999822e+00 1.140585258969749827e+00 1.215811130903793558e+00 1.198761303514085830e+00
1.935000000000000053e+00 1.135053055919734710e+00 1.212721692225882331e+00 1.196116267154989199e+00
1.944999999999999840e+00 1.130075685447504030e+00 1.211194484778488345e+00 1.195284802409054326e+00
1.955000000000000071e+00 1.122219898867610199e+00 1.207200925370133682e+00 1.192481282106838236e+00
1.964999999999999858e+00 1.119645955701281448e+00 1.209516845868128687e+00 1.196700596086651913e+00
1.975000000000000089e+00 1.111301770700196867e+00 1.205834702990554508e+00 1.195633920241083059e+00
1.984999999999999876e+00 1.106292949036703721e+00 1.206294576836409060e+00 1.199260273045053449e+00
1.995000000000000107e+00 1.094214813748866977e+00 1.199091740262227868e+00 1.195372959738690843e+00
2.004999999999999893e+00 1.083905872124032221e+00 1.193827631673222811e+00 1.193336932944945694e+00
2.015000000000000124e+00 1.068274445789286986e+00 1.182168882962610912e+00 1.184584616286926906e+00
2.024999999999999911e+00 1.049958781250595941e+00 1.166749903218270434e+00 1.171562037558752767e+00
2.035000000000000142e+00 1.029410340388965617e+00 1.147858770932321359e+00 1.154509832066431319e+00
2.044999999999999929e+00 1.006922980647933397e+00 1.125799981947030348e+00 1.133923980154103450e+00
2.054999999999999716e+00 9.811537569886359389e-01 1.099165710531331053e+00 1.108683526162144606e+00
2.064999999999999947e+00 9.565542045436934426e-01 1.073250135528977633e+00 1.084357815802716729e+00
2.074999999999999734e+00 9.276843089594717373e-01 1.042070782922782879e+00 1.054656639397314466e+00
2.084999999999999964e+00 9.002393872108068740e-01 1.012179501716113039e+00 1.026070311446275252e+00
2.094999999999999751e+00 8.710285919462321669e-01 9.799673088268490151e-01 9.947811930234594646e-01
2.104999999999999982e+00 8.404076179535187041e-01 9.456755445068341093e-01 9.610101874736688421e-01
2.114999999999999769e+00 8.104958929374668219e-01 9.115111187913111923e-01 9.269117864875321411e-01
2.125000000000000000e+00 7.801388825624153700e-01 8.762011496724744219e-01 8.911874406228050827e-01
2.134999999999999787e+00 7.515015933161752759e-01 8.423765380002125047e-01 8.565839552942977608e-01
2.145000000000000018e+00 7.234548308785604398e-01 8.090005831173756601e-01 8.222095672539755373e-01
2.154999999999999805e+00 6.979014519221563573e-01 7.783306710962561992e-01 7.904192682235636758e-01
2.165000000000000036e+00 6.736240425975982271e-01 7.489821443481287089e-01 7.596907465476048227e-01
2.174999999999999822e+00 6.523086182886592699e-01 7.227297285632664492e-01 7.316081699858197895e-01
2.185000000000000053e+00 6.327349606466239340e-01 6.980915171710418976e-01 7.045762665626315036e-01
2.194999999999999840e+00 6.163690455047617922e-01 6.767688241155737083e-01 6.805494936648531779e-01
2.205000000000000071e+00 6.019713968717922414e-01 6.575973691155676537e-01 6.587255823957173240e-01
2.214999999999999858e+00 5.905180626371901997e-01 6.418974643553307935e-01 6.406893321678761577e-01
2.225000000000000089e+00 5.816661553171234011e-01 6.293946007546347143e-01 6.261133064566968276e-01
2.234999999999999876e+00 5.753028942607718577e-01 6.199715846014643983e-01 6.146997237071400999e-01
2.245000000000000107e+00 5.713145123429144157e-01 6.134934803701557193e-01 6.062603259123446886e-01
2.254999999999999893e+00 5.696203903933694246e-01 6.098385675366904124e-01 6.007971799582498829e-01
2.265000000000000124e+00 5.702030806950001418e-01 6.088761473941790570e-01 5.982905196134294945e-01
2.274999999999999911e+00 5.730418178822757058e-01 6.104551084725534649e-01 5.985604578328588277e-01
2.285000000000000142e+00 5.780667686153494467e-01 6.144804615757146760e-01 6.013722072778279193e-01
2.294999999999999929e+00 5.851577945192205643e-01 6.209658734251602974e-01 6.066852650967602401e-01
2.305000000000000160e+00 5.941587302527944203e-01 6.299151990355689179e-01 6.145873796844135706e-01
2.314999999999999947e+00 6.048998098216774588e-01 6.412330165670643289e-01 6.251278662186910973e-01
2.324999999999999734e+00 6.157634431172874789e-01 6.531220017016099444e-01 6.365468323371109571e-01
2.334999999999999964e+00 6.308395498041280414e-01 6.698794313774504294e-01 6.530047038999891029e-01
2.344999999999999751e+00 6.458868457297841648e-01 6.869438849936128078e-01 6.700165721110751260e-01
2.354999999999999982e+00 6.615551726511723629e-01 7.051072383799351639e-01 6.885458666162596053e-01
2.364999999999999769e+00 6.788627897026253688e-01 7.255504267487783432e-01 7.099460937180090969e-01
2.375000000000000000e+00 6.970164475755817879e-01 7.474602446886307039e-01 7.334047197289057518e-01
2.384999999999999787e+00 7.170234481936808013e-01 7.718657665188201067e-01 7.596748506114773258e-01
2.395000000000000018e+00 7.376792530592201080e-01 7.974146796735599452e-01 7.871200131305802206e-01
2.404999999999999805e+00 7.595477260765916006e-01 8.245836585630943461e-01 8.159635420294579777e-01
2.415000000000000036e+00 7.812220646991907547e-01 8.516990635247436714e-01 8.445311430548722020e-01
2.424999999999999822e+00 8.035817165586529587e-01 8.795352317207140169e-01 8.737424063163207189e-01
2.435000000000000053e+00 8.255517058471232295e-01 9.068791943372334075e-01 9.026869907887631328e-01
2.444999999999999840e+00 8.481832142079144266e-01 9.348645294355831803e-01 9.325915019208561585e-01
2.455000000000000071e+00 8.701334109659886185e-01 9.620607243401083641e-01 9.619032178873900829e-01
2.464999999999999858e+00 8.919318428755902417e-01 9.889746809267565553e-01 9.908753134241969907e-01
2.475000000000000089e+00 9.129340918742080424e-01 1.014871742045074132e+00 1.018724963605376344e+00
2.484999999999999876e+00 9.328783092762282791e-01 1.039500649175905789e+00 1.045357718244355860e+00
2.495000000000000107e+00 9.517106944067865726e-01 1.062858141410359725e+00 1.070893304529855206e+00
2.504999999999999893e+00 9.696078358286623899e-01 1.085112912338732416e+00 1.095471511431285183e+00
2.515000000000000124e+00 9.867808314388563096e-01 1.106365250968792013e+00 1.119054681013614383e+00
2.524999999999999911e+00 1.003226271951085824e+00 1.126529129600511991e+00 1.141406342516291250e+00
2.535000000000000142e+00 1.018713934230113916e+00 1.145383615793661658e+00 1.162157932238077063e+00
2.544999999999999929e+00 1.032951489067693185e+00 1.162707247914477104e+00 1.180979645140530332e+00
2.555000000000000160e+00 1.045759283519587024e+00 1.178301042727764258e+00 1.197701264882917283e+00
2.564999999999999947e+00 1.057003775778436516e+00 1.191904851718298408e+00 1.212175860313041920e+00
2.574999999999999734e+00 1.066977573731354934e+00 1.203751153347666136e+00 1.224700114343904023e+00
2.584999999999999964e+00 1.074443823490020655e+00 1.212489966412908071e+00 1.233859323241710992e+00
2.594999999999999751e+00 1.081091312380989988e+00 1.220099717118949822e+00 1.241589411389878661e+00
2.604999999999999982e+00 1.085329022928362752e+00 1.224814740397940804e+00 1.246181748773808939e+00
2.614999999999999769e+00 1.088732270452308803e+00 1.228355930410832242e+00 1.249571288709619754e+00
2.625000000000000000e+00 1.089405466572838765e+00 1.228552395460329461e+00 1.249684654171032694e+00
2.634999999999999787e+00 1.088546368271596121e+00 1.226764181322043568e+00 1.247897961136361644e+00
2.645000000000000018e+00 1.085887579969663008e+00 1.222770141401117172e+00 1.243851657026119328e+00
2.654999999999999805e+00 1.081757880448542597e+00 1.217060491806549738e+00 1.237916828097625821e+00
2.665000000000000036e+00 1.076481939858239922e+00 1.210164761212034534e+00 1.230525133885130185e+00
2.674999999999999822e+00 1.070210788376019240e+00 1.202343895359552439e+00 1.221938304686950527e+00
2.685000000000000053e+00 1.062913261222542705e+00 1.193486396940290017e+00 1.212118263375278948e+00
2.694999999999999840e+00 1.054557609985541600e+00 1.183388710923985787e+00 1.200990841124853103e+00
2.705000000000000071e+00 1.045233698459054228e+00 1.172059943009021721e+00 1.188618344481889633e+00
2.714999999999999858e+00 1.035145309433664451e+00 1.159766708096934718e+00 1.175206481533478620e+00
2.725000000000000089e+00 1.024460641663668792e+00 1.146751240972819108e+00 1.160921663182054697e+00
2.734999999999999876e+00 1.013232273154126784e+00 1.133049195520070995e+00 1.145817874544489134e+00
2.745000000000000107e+00 1.001485675234372597e+00 1.118671559467402599e+00 1.130051736368051118e+00
2.754999999999999893e+00 9.893343243633442308e-01 1.103858782454947285e+00 1.114059754069719688e+00
2.765000000000000124e+00 9.769579613226841985e-01 1.089034164609012034e+00 1.098423659615604064e+00
2.774999999999999911e+00 9.645113252421186889e-01 1.074513745676261234e+00 1.083470600684506291e+00
2.785000000000000142e+00 9.521142677224470052e-01 1.060367702152483549e+00 1.069075337490373423e+00
2.794999999999999929e+00 9.398498297302397830e-01 1.046491483479228712e+00 1.054936623447618960e+00
2.805000000000000160e+00 9.277978361112912964e-01 1.032841271747217959e+00 1.040931422340968249e+00
2.814999999999999947e+00 9.160100568131364085e-01 1.019493697486566264e+00 1.027221411859883471e+00
2.824999999999999734e+00 9.045372532500050022e-01 1.006597286239743649e+00 1.014021188557852060e+00
2.834999999999999964e+00 8.934573854257749081e-01 9.942916774278970360e-01 1.001416797327859154e+00
2.844999999999999751e+00 8.828667275560796446e-01 9.826453536618602325e-01 9.893373443843804793e-01
2.854999999999999982e+00 8.728306689189484491e-01 9.716731587323786945e-01 9.777035673900125179e-01
2.864999999999999769e+00 8.633627388917147760e-01 9.613758546819696216e-01 9.665775535298987142e-01
2.875000000000000000e+00 8.544252591815130193e-01 9.517505212201354814e-01 9.561922432424806439e-01
2.884999999999999787e+00 8.459890429115504151e-01 9.428372961117528206e-01 9.469160792888429157e-01
2.895000000000000018e+00 8.380685264405949297e-01 9.347250806117479716e-01 9.390236102692164355e-01
2.904999999999999805e+00 8.307041394292212777e-01 9.274780025063369404e-01 9.324954805010789993e-01
2.915000000000000036e+00 8.238969574549926955e-01 9.210267842572168462e-01 9.270037527470545990e-01
2.924999999999999822e+00 8.175698345286692703e-01 9.151695835278144120e-01 9.221354971006514578e-01
2.935000000000000053e+00 8.116146563807818959e-01 9.096915784623098578e-01 9.176750299278019218e-01
2.944999999999999840e+00 8.059528531427260223e-01 9.044442291984008397e-01 9.135504630112759594e-01
2.955000000000000071e+00 8.005376976292060132e-01 8.993059088821189206e-01 9.095903913250562578e-01
2.964999999999999858e+00 7.953560072764156441e-01 8.941456353153844905e-01 9.054675584937845745e-01
2.975000000000000089e+00 7.904089118013484239e-01 8.889064307502335671e-01 9.009323451426954898e-01
2.984999999999999876e+00 7.856842759428365186e-01 8.836469390683200364e-01 8.959719350732084919e-01
2.995000000000000107e+00 7.810816381704031031e-01 8.784202762204085246e-01 8.906512796549549416e-01
3.004999999999999893e+00 7.764232542476773302e-01 8.731833228225525101e-01 8.850062000306303522e-01
3.015000000000000124e+00 7.715685902435321930e-01 8.678657291353015779e-01 8.791497922929236708e-01
3.024999999999999911e+00 7.665433961223317993e-01 8.624988891520203316e-01 8.734114221150948154e-01
3.035000000000000142e+00 7.615105554636271146e-01 8.572266781405609715e-01 8.681829539095516912e-01
3.044999999999999929e+00 7.566497282179620587e-01 8.522190713028111597e-01 8.636674611902732668e-01
3.055000000000000160e+00 7.520968146331404869e-01 8.476279002396955864e-01 8.598163669129188502e-01
3.064999999999999947e+00 7.479557389306783488e-01 8.435241255501286783e-01 8.564088371838396441e-01
3.075000000000000178e+00 7.443083837047387297e-01 8.398708658286041517e-01 8.532523669335067007e-01
3.084999999999999964e+00 7.411598728898873834e-01 8.364909690304352941e-01 8.501879573009890612e-01
3.094999999999999751e+00 7.384277121838918045e-01 8.332135875305540784e-01 8.471172668457052080e-01
3.104999999999999982e+00 7.360506584362132010e-01 8.300568605646576614e-01 8.440131804317720920e-01
3.114999999999999769e+00 7.340695950775885104e-01 8.272187593354936030e-01 8.409201189282512479e-01
3.125000000000000000e+00 7.326154291982025502e-01 8.249203749704868693e-01 8.380151506442141685e-01
3.134999999999999787e+00 7.318137607785651921e-01 8.232625313679285961e-01 8.355587960889018229e-01
3.145000000000000018e+00 7.300345343298566547e-01 8.203733123702093843e-01 8.318721477846080514e-01
3.154999999999999805e+00 7.240398055362122776e-01 8.126858333642428267e-01 8.234045342381340893e-01
3.165000000000000036e+00 7.049728662533431001e-01 7.904369644351544322e-01 8.002087044157460971e-01
3.174999999999999822e+00 6.580023721124919067e-01 7.371643708470388967e-01 7.456245594138610766e-01
3.185000000000000053e+00 5.691666179259557978e-01 6.372807299059418673e-01 6.440432329484007123e-01
3.194999999999999840e+00 4.394078989403798485e-01 4.918128015141648435e-01 4.966745909983448226e-01
