5.000000000000000104e-03 0.000000000000000000e+00 0.000000000000000000e+00 0.000000000000000000e+00
1.499999999999999944e-02 0.000000000000000000e+00 0.000000000000000000e+00 0.000000000000000000e+00
2.500000000000000139e-02 0.000000000000000000e+00 0.000000000000000000e+00 0.000000000000000000e+00
3.500000000000000333e-02 0.000000000000000000e+00 0.000000000000000000e+00 0.000000000000000000e+00
4.499999999999999833e-02 0.000000000000000000e+00 0.000000000000000000e+00 0.000000000000000000e+00
5.500000000000000722e-02 0.000000000000000000e+00 0.000000000000000000e+00 0.000000000000000000e+00
6.500000000000000222e-02 0.000000000000000000e+00 0.000000000000000000e+00 0.000000000000000000e+00
7.500000000000001110e-02 0.000000000000000000e+00 0.000000000000000000e+00 0.000000000000000000e+00
8.499999999999999223e-02 0.000000000000000000e+00 0.000000000000000000e+00 0.000000000000000000e+00
9.500000000000000111e-02 0.000000000000000000e+00 0.000000000000000000e+00 0.000000000000000000e+00
1.050000000000000100e-01 0.000000000000000000e+00 0.000000000000000000e+00 0.000000000000000000e+00
1.149999999999999911e-01 0.000000000000000000e+00 0.000000000000000000e+00 0.000000000000000000e+00
1.250000000000000000e-01 0.000000000000000000e+00 0.000000000000000000e+00 0.000000000000000000e+00
1.350000000000000089e-01 0.000000000000000000e+00 0.000000000000000000e+00 0.000000000000000000e+00
1.450000000000000178e-01 0.000000000000000000e+00 0.000000000000000000e+00 0.000000000000000000e+00
1.549999999999999989e-01 0.000000000000000000e+00 0.000000000000000000e+00 0.000000000000000000e+00
1.650000000000000078e-01 3.471947828447583240e-06 0.000000000000000000e+00 0.000000000000000000e+00
1.750000000000000167e-01 1.375279017394045273e-05 0.000000000000000000e+00 0.000000000000000000e+00
1.849999999999999978e-01 3.911558018642470852e-05 0.000000000000000000e+00 0.000000000000000000e+00
1.950000000000000067e-01 9.030183205463439505e-05 0.000000000000000000e+00 0.000000000000000000e+00
2.050000000000000155e-01 1.714056838085858080e-04 0.000000000000000000e+00 0.000000000000000000e+00
2.149999999999999967e-01 2.686929799873031210e-04 0.000000000000000000e+00 0.000000000000000000e+00
2.250000000000000056e-01 3.748566250309444989e-04 0.000000000000000000e+00 0.000000000000000000e+00
2.350000000000000144e-01 4.882631302346837794e-04 0.000000000000000000e+00 0.000000000000000000e+00
2.449999999999999956e-01 6.161697044608476902e-04 0.000000000000000000e+00 0.000000000000000000e+00
2.550000000000000044e-01 7.412609198474256469e-04 0.000000000000000000e+00 0.000000000000000000e+00
2.650000000000000133e-01 8.226599440690783365e-04 0.000000000000000000e+00 0.000000000000000000e+00
2.750000000000000222e-01 8.376006693451322482e-04 0.000000000000000000e+00 0.000000000000000000e+00
2.850000000000000311e-01 8.024043418046750012e-04 0.000000000000000000e+00 0.000000000000000000e+00
2.949999999999999845e-01 7.605967831275040275e-04 0.000000000000000000e+00 0.000000000000000000e+00
3.049999999999999933e-01 7.446522484277299375e-04 0.000000000000000000e+00 0.000000000000000000e+00
3.150000000000000022e-01 7.574325016050180957e-04 0.000000000000000000e+00 0.000000000000000000e+00
3.250000000000000111e-01 7.807067207737292645e-04 7.715037421292694715e-07 0.000000000000000000e+00
3.350000000000000200e-01 8.006999815594100173e-04 2.871904918533805914e-06 0.000000000000000000e+00
3.450000000000000289e-01 8.115697248329955399e-04 8.340705239321286884e-06 0.000000000000000000e+00
3.550000000000000377e-01 8.088850456205376937e-04 1.889695936524359520e-05 0.000000000000000000e+00
3.649999999999999911e-01 7.925164433508038227e-04 3.339619264308557595e-05 0.000000000000000000e+00
3.750000000000000000e-01 7.661819645882570352e-04 4.603419804263737022e-05 0.000000000000000000e+00
3.850000000000000089e-01 7.523159383255110773e-04 4.948897608172521601e-05 0.000000000000000000e+00
3.950000000000000178e-01 7.828410819338179607e-04 4.149052459378868086e-05 0.000000000000000000e+00
4.050000000000000266e-01 8.831430477574247215e-04 2.712518070339934207e-05 0.000000000000000000e+00
4.150000000000000355e-01 1.043717815287540382e-03 1.382777938165083094e-05 0.000000000000000000e+00
4.249999999999999889e-01 1.213838326080466951e-03 5.496207286423343211e-06 0.000000000000000000e+00
4.349999999999999978e-01 1.331254965129522773e-03 1.703260824322666234e-06 0.000000000000000000e+00
4.450000000000000067e-01 1.378911980291437026e-03 8.168806187397523714e-07 0.000000000000000000e+00
4.550000000000000155e-01 1.403824890004597495e-03 1.931765225105484225e-06 0.000000000000000000e+00
4.650000000000000244e-01 1.467062439487785887e-03 6.030636051906459856e-06 0.000000000000000000e+00
4.750000000000000333e-01 1.592264129531706460e-03 1.522842155496372763e-05 0.000000000000000000e+00
4.849999999999999867e-01 1.756109655472988876e-03 3.031507471953572119e-05 0.000000000000000000e+00
4.949999999999999956e-01 1.928700605363856038e-03 4.935545694092738800e-05 0.000000000000000000e+00
5.050000000000000044e-01 2.105586517747793859e-03 6.682973906688963097e-05 0.000000000000000000e+00
5.150000000000000133e-01 2.294012746134690278e-03 7.944201114964872547e-05 0.000000000000000000e+00
5.250000000000000222e-01 2.502937260922161698e-03 8.929106813644510404e-05 0.000000000000000000e+00
5.350000000000000311e-01 2.738672429540288042e-03 1.027686052848608369e-04 0.000000000000000000e+00
5.450000000000000400e-01 3.015833326634712215e-03 1.249764071548368138e-04 0.000000000000000000e+00
5.550000000000000488e-01 3.349555537922135808e-03 1.578732690140228340e-04 1.361097159649633980e-06
5.650000000000000577e-01 3.745536732569861808e-03 2.055727285876946550e-04 5.888034391339980520e-06
5.750000000000000666e-01 4.190613019534562486e-03 2.742109958327560381e-04 1.947953683875156092e-05
5.849999999999999645e-01 4.648207003544976498e-03 3.701722310444858360e-04 4.896725150711996776e-05
5.949999999999999734e-01 5.184555398841900892e-03 5.038585588059336408e-04 1.208001550096541286e-04
6.049999999999999822e-01 5.813410315970501258e-03 6.629768315159282862e-04 2.363289164251923557e-04
6.149999999999999911e-01 6.574373137046484079e-03 8.293863495229258920e-04 4.083020718378991632e-04
6.250000000000000000e-01 7.490960329329719378e-03 9.835403268816044452e-04 6.190775955577197806e-04
6.350000000000000089e-01 8.571245639284262585e-03 1.142944226045615290e-03 8.636345983527412206e-04
6.450000000000000178e-01 9.694982250876702651e-03 1.318441220520471082e-03 1.089146099949223848e-03
6.550000000000000266e-01 1.090975106287543107e-02 1.577658890049071783e-03 1.314958775587991803e-03
6.650000000000000355e-01 1.229012287798378344e-02 2.002014653922850641e-03 1.620916560171385429e-03
6.750000000000000444e-01 1.394226532983553445e-02 2.652780356008796643e-03 2.080094005760272681e-03
6.850000000000000533e-01 1.595958757241220521e-02 3.550159176603995964e-03 2.711916405755213262e-03
6.950000000000000622e-01 1.841736662325464680e-02 4.682750784458593850e-03 3.501693115960151370e-03
7.050000000000000711e-01 2.139121489652866942e-02 6.049232385774752294e-03 4.462174128416686314e-03
7.149999999999999689e-01 2.495561059038963261e-02 7.679560523130945886e-03 5.669997686571075571e-03
7.249999999999999778e-01 2.918659908567297623e-02 9.654341033424315710e-03 7.242035922267272066e-03
7.349999999999999867e-01 3.418464995440933379e-02 1.212268681785868760e-02 9.329939760580475971e-03
7.449999999999999956e-01 4.006839652185735512e-02 1.530671616246823477e-02 1.213456698471850233e-02
7.550000000000000044e-01 4.699806528685426116e-02 1.945300022445791560e-02 1.587386363339134132e-02
7.650000000000000133e-01 5.527602966324057787e-02 2.476989663831085167e-02 2.077409099873259168e-02
7.750000000000000222e-01 6.532534523950499217e-02 3.146957879722110663e-02 2.702386107088618553e-02
7.850000000000000311e-01 7.772991499410324134e-02 3.994824609546582944e-02 3.489345425350263985e-02
7.950000000000000400e-01 9.313712556669125064e-02 5.090869815676255655e-02 4.487706908550592733e-02
8.050000000000000488e-01 1.122621880580192411e-01 6.531297877490585546e-02 5.775295111503282730e-02
8.150000000000000577e-01 1.359085306924830983e-01 8.420212676245160399e-02 7.450917763658969351e-02
8.250000000000000666e-01 1.650062056117317100e-01 1.086023134168194459e-01 9.626564119033337308e-02
8.350000000000000755e-01 2.007445819708948420e-01 1.397501133111128113e-01 1.245323697200449165e-01
8.449999999999999734e-01 2.428011342469676426e-01 1.775633936166662041e-01 1.596084352531596529e-01
8.549999999999999822e-01 2.964802414769896477e-01 2.272150286519287743e-01 2.065425364867898850e-01
8.649999999999999911e-01 3.626418689318907651e-01 2.902349491600973996e-01 2.665873062919582592e-01
8.750000000000000000e-01 4.439030169796508440e-01 3.699862367375150174e-01 3.427926906308814692e-01
8.850000000000000089e-01 5.432546716677240095e-01 4.702823683293223533e-01 4.389477084096569115e-01
8.950000000000000178e-01 6.687124485723329181e-01 5.998208337653941902e-01 5.640463744320669548e-01
9.050000000000000266e-01 8.142825547702663425e-01 7.531045984404879379e-01 7.136643257432334631e-01
9.150000000000000355e-01 9.857309805304593775e-01 9.367985451727175450e-01 8.954104405902139074e-01
9.250000000000000444e-01 1.183801279116780680e+00 1.152745984628326115e+00 1.112243503823745705e+00
9.350000000000000533e-01 1.408021788962710019e+00 1.401402830026522661e+00 1.365573803891205085e+00
9.450000000000000622e-01 1.656001625733493965e+00 1.680871995066695046e+00 1.654095848634604682e+00
9.550000000000000711e-01 1.922368180707637819e+00 1.985736946413573012e+00 1.972177290190438637e+00
9.649999999999999689e-01 2.198459598555312144e+00 2.306650856264154115e+00 2.309253784877987492e+00
9.749999999999999778e-01 2.471752109164886857e+00 2.629498929423506492e+00 2.649693918438701612e+00
9.849999999999999867e-01 2.728238708478943231e+00 2.937755736064921130e+00 2.976011065355727681e+00
9.949999999999999956e-01 2.953461691063465899e+00 3.213973997405029426e+00 3.271055326949213971e+00
1.004999999999999893e+00 3.134274574590399265e+00 3.441967961221290118e+00 3.519324576614511813e+00
1.015000000000000124e+00 3.259158552744213289e+00 3.607225976089010633e+00 3.706088703563326980e+00
1.024999999999999911e+00 3.321132290303804524e+00 3.699980842422756488e+00 3.819416666860273146e+00
1.035000000000000142e+00 3.315612757691774881e+00 3.713511656566744534e+00 3.849332769260416676e+00
1.044999999999999929e+00 3.243661237474843695e+00 3.647621856384071659e+00 3.792859571979036559e+00
1.055000000000000160e+00 3.111931174965556046e+00 3.508674193099542205e+00 3.655564082069327814e+00
1.064999999999999947e+00 2.931684955085968713e+00 3.308853860853491202e+00 3.450917895103977173e+00
1.075000000000000178e+00 2.716765084297345645e+00 3.064512799747522998e+00 3.197327712473778227e+00
1.084999999999999964e+00 2.481295686041143256e+00 2.793535950403849721e+00 2.914484412571587857e+00
1.095000000000000195e+00 2.237938579490927893e+00 2.512344565552263376e+00 2.620154943781621615e+00
1.104999999999999982e+00 1.997248970418091130e+00 2.234263079982426792e+00 2.328671266946018115e+00
1.115000000000000213e+00 1.767527203624251531e+00 1.969213747414071403e+00 2.050832539651939790e+00
1.125000000000000000e+00 1.554783248072172164e+00 1.724306618690751636e+00 1.794314803264030145e+00
1.135000000000000231e+00 1.362735636854714327e+00 1.504016101302065422e+00 1.563908856602469033e+00
1.145000000000000018e+00 1.193051675496419550e+00 1.310342600302097704e+00 1.361654801397129244e+00
1.155000000000000249e+00 1.045805912478569244e+00 1.143060083117620307e+00 1.187083447899745847e+00
1.165000000000000036e+00 9.206655187189977108e-01 1.001218658044086718e+00 1.038957307673302299e+00
1.174999999999999822e+00 8.136495167977584320e-01 8.798474710363560769e-01 9.121420965713979978e-01
1.185000000000000053e+00 7.231702284279613036e-01 7.769944441641202237e-01 8.049447443054582596e-01
1.194999999999999840e+00 6.469100269058030150e-01 6.901814511972601540e-01 7.150372999637014670e-01
1.205000000000000071e+00 5.830495201269711991e-01 6.174764840001376598e-01 6.403243159264174755e-01
1.214999999999999858e+00 5.300897352713369592e-01 5.571178216045615805e-01 5.787261344294689636e-01
1.225000000000000089e+00 4.865700725606603716e-01 5.073106958251860643e-01 5.282746331822488761e-01
1.234999999999999876e+00 4.509630714243125782e-01 4.662644451617509178e-01 4.870893652520036921e-01
1.245000000000000107e+00 4.218126814447929473e-01 4.323441716116045441e-01 4.534766720495094217e-01
1.254999999999999893e+00 3.979156562125915064e-01 4.041790412959310186e-01 4.259433246123339178e-01
1.265000000000000124e+00 3.781477123349781810e-01 3.805308765996339160e-01 4.030265242605127196e-01
1.274999999999999911e+00 3.624106065319391834e-01 3.613435535264257759e-01 3.840007058787869298e-01
1.285000000000000142e+00 3.499771550838078338e-01 3.459441001674216087e-01 3.668425815039310089e-01
1.294999999999999929e+00 3.404764497366993270e-01 3.340190256839796756e-01 3.498386737408976099e-01
1.305000000000000160e+00 3.336306655986193137e-01 3.254532578208429450e-01 3.328098781175602427e-01
1.314999999999999947e+00 3.292144733421146774e-01 3.203968005061114677e-01 3.178799089876377937e-01
1.325000000000000178e+00 3.270110854598909933e-01 3.190398992172943649e-01 3.081295851851063583e-01
1.334999999999999964e+00 3.267724292160700261e-01 3.212437200759846734e-01 3.053216898905633525e-01
1.345000000000000195e+00 3.282182800188788163e-01 3.263801749828545984e-01 3.088748943634702648e-01
1.354999999999999982e+00 3.310973203874644777e-01 3.335990614016932088e-01 3.168240381007004780e-01
1.365000000000000213e+00 3.352436264139906918e-01 3.422621949016300680e-01 3.274748628744105217e-01
1.375000000000000000e+00 3.405711410909638137e-01 3.520841034367776512e-01 3.399214143624406104e-01
1.385000000000000231e+00 3.471039149352626585e-01 3.630991145687487709e-01 3.539071490512625262e-01
1.395000000000000018e+00 3.549481093094696282e-01 3.753081856765283497e-01 3.691548210507862859e-01
1.405000000000000249e+00 3.641630165577722233e-01 3.884886863688736813e-01 3.852172610934644359e-01
1.415000000000000036e+00 3.747729968057417205e-01 4.023012471342917173e-01 4.016404107681975644e-01
1.424999999999999822e+00 3.862457126769391902e-01 4.160911696946271165e-01 4.177272215180994341e-01
1.435000000000000053e+00 3.984745770239587204e-01 4.298729380618106499e-01 4.333426558618195257e-01
1.444999999999999840e+00 4.113593806693559563e-01 4.438156474985645028e-01 4.485067945514563670e-01
1.455000000000000071e+00 4.254430474104587967e-01 4.586941021480498426e-01 4.640490421958441969e-01
1.464999999999999858e+00 4.408688080534514664e-01 4.747860106229132571e-01 4.806022482700281762e-01
1.475000000000000089e+00 4.576974446414078246e-01 4.922437155904987316e-01 4.986890751599301064e-01
1.484999999999999876e+00 4.757778439124263348e-01 5.109115326241384647e-01 5.181682589967040453e-01
1.495000000000000107e+00 4.949120048251026693e-01 5.303667534886276069e-01 5.382842833996943632e-01
1.504999999999999893e+00 5.150278441999762702e-01 5.501390847419276309e-01 5.581295730299559166e-01
1.515000000000000124e+00 5.362279168052936917e-01 5.699820166386063702e-01 5.771452367536402672e-01
1.524999999999999911e+00 5.587093513254725030e-01 5.901488804399043220e-01 5.955040742415731447e-01
1.535000000000000142e+00 5.827558251286848456e-01 6.113433698343706535e-01 6.140020697939960748e-01
1.544999999999999929e+00 6.086663830402577746e-01 6.343419815695510167e-01 6.336097062288396087e-01
1.555000000000000160e+00 6.367444156220626317e-01 6.596224000776420571e-01 6.550365328666074571e-01
1.564999999999999947e+00 6.670996375890272390e-01 6.873398288357431829e-01 6.787139395576466949e-01
1.575000000000000178e+00 6.995379401429394628e-01 7.174146220119588246e-01 7.048257146041591037e-01
1.584999999999999964e+00 7.336579158991769489e-01 7.496825533457631696e-01 7.334141207875504165e-01
1.595000000000000195e+00 7.691082514445639617e-01 7.839344689310970837e-01 7.643429243850511368e-01
1.604999999999999982e+00 8.057744962255094512e-01 8.200693542528956215e-01 7.975149459753065884e-01
1.615000000000000213e+00 8.436929798316420426e-01 8.582516572111732467e-01 8.331465376143437629e-01
1.625000000000000000e+00 8.827770666725228699e-01 8.987137193661511869e-01 8.716592430963755467e-01
1.635000000000000231e+00 9.226727542893152778e-01 9.413438266189672055e-01 9.132722288910954944e-01
1.645000000000000018e+00 9.627994273352067367e-01 9.854588697709267819e-01 9.575876428380560856e-01
1.655000000000000249e+00 1.002566036562132723e+00 1.030168148782036219e+00 1.003614743066019388e+00
1.665000000000000036e+00 1.041428775658215899e+00 1.074645542413627197e+00 1.049998802089399108e+00
1.674999999999999822e+00 1.079285989938739032e+00 1.118676964965443110e+00 1.095862740462047125e+00
1.685000000000000053e+00 1.115137291862354774e+00 1.161154350906639099e+00 1.139807143484143470e+00
1.694999999999999840e+00 1.148610117691795329e+00 1.201656561941283563e+00 1.181689792356536817e+00
1.705000000000000071e+00 1.179980711112499581e+00 1.240546865980292512e+00 1.222470825506376979e+00
1.714999999999999858e+00 1.208359731367355305e+00 1.277050219880305537e+00 1.261848618196580230e+00
1.725000000000000089e+00 1.233127473714044520e+00 1.310497001799779682e+00 1.299123599290383568e+00
1.734999999999999876e+00 1.253816129190910678e+00 1.340112778600006438e+00 1.333110527986540061e+00
1.745000000000000107e+00 1.270197298279339027e+00 1.365227837816843648e+00 1.362604714801888495e+00
1.754999999999999893e+00 1.282143235982211582e+00 1.385400854489412747e+00 1.386717536702194220e+00
1.765000000000000124e+00 1.289517196452049763e+00 1.400386722255350103e+00 1.405006659740094088e+00
1.774999999999999911e+00 1.292349646816103093e+00 1.410236369153630598e+00 1.417645523210059766e+00
1.785000000000000142e+00 1.291025369784295718e+00 1.415392632165879627e+00 1.425472676498855007e+00
1.794999999999999929e+00 1.286264500714915826e+00 1.416626430707206952e+00 1.429604569996191232e+00
1.805000000000000160e+00 1.278793374618931722e+00 1.414568981666810998e+00 1.430705985570326799e+00
1.814999999999999947e+00 1.269207359522940060e+00 1.409666372165051973e+00 1.429067350242009482e+00
1.825000000000000178e+00 1.257923408152909373e+00 1.402168006775136977e+00 1.424761559770218344e+00
1.834999999999999964e+00 1.245260011082759855e+00 1.392344014750526160e+00 1.417883288886262694e+00
1.845000000000000195e+00 1.231516405340454146e+00 1.380557190082671415e+00 1.408422640825253369e+00
1.854999999999999982e+00 1.217114277812989753e+00 1.367293719112244954e+00 1.396298632711959531e+00
1.865000000000000213e+00 1.202636708311866531e+00 1.353177758489629401e+00 1.381656681145107202e+00
1.875000000000000000e+00 1.188713136799732561e+00 1.338946859096143083e+00 1.365280696497367607e+00
1.885000000000000231e+00 1.175860619868646761e+00 1.325306243571731546e+00 1.348614445115313032e+00
1.895000000000000018e+00 1.164447553716331463e+00 1.312821149670125198e+00 1.333366881876814958e+00
1.905000000000000249e+00 1.154701051337671425e+00 1.301790377598730286e+00 1.320721220041373822e+00
1.915000000000000036e+00 1.146661212811201036e+00 1.292241079726776931e+00 1.310761271508495085e+00
1.924999999999999822e+00 1.140585258969749827e+00 1.284552922630666227e+00 1.303353373781627633e+00
1.935000000000000053e+00 1.135053055919734710e+00 1.277286893147907332e+00 1.296562207029900993e+00
1.944999999999999840e+00 1.130075685447504030e+00 1.270528034803848350e+00 1.290355874870932729e+00
1.955000000000000071e+00 1.122219898867610199e+00 1.260394079712075621e+00 1.280827665173114083e+00
1.964999999999999858e+00 1.119645955701281448e+00 1.256114534348163669e+00 1.277360172734764543e+00
1.975000000000000089e+00 1.111301770700196867e+00 1.245510746543099012e+00 1.267352743697355510e+00
1.984999999999999876e+00 1.106292949036703721e+00 1.239151875003739800e+00 1.261463408878988668e+00
1.995000000000000107e+00 1.094214813748866977e+00 1.225587871695533959e+00 1.248021109350961222e+00
2.004999999999999893e+00 1.083905872124032221e+00 1.214544838296954810e+00 1.237055991797100907e+00
2.015000000000000124e+00 1.068274445789286986e+00 1.197653446064392391e+00 1.220131296232179308e+00
2.024999999999999911e+00 1.049958781250595941e+00 1.177267320336667256e+00 1.199623378557184816e+00
2.035000000000000142e+00 1.029410340388965617e+00 1.153591419266053686e+00 1.175539052653215233e+00
2.044999999999999929e+00 1.006922980647933397e+00 1.127160885281874858e+00 1.148271389404807108e+00
2.054999999999999716e+00 9.811537569886359389e-01 1.097027571268699875e+00 1.116911432131517889e+00
2.064999999999999947e+00 9.565542045436934426e-01 1.068537407979760046e+00 1.087252373125463523e+00
2.074999999999999734e+00 9.276843089594717373e-01 1.035650780547428873e+00 1.053574727439726910e+00
2.084999999999999964e+00 9.002393872108068740e-01 1.004179049949713187e+00 1.021769665296151208e+00
2.094999999999999751e+00 8.710285919462321669e-01 9.701718729422189602e-01 9.874058139663068889e-01
2.104999999999999982e+00 8.404076179535187041e-01 9.338648814695649225e-01 9.501918246813723101e-01
2.114999999999999769e+00 8.104958929374668219e-01 8.979203611113369954e-01 9.127003843313706843e-01
2.125000000000000000e+00 7.801388825624153700e-01 8.614557036862031669e-01 8.743056330718186331e-01
2.134999999999999787e+00 7.515015933161752759e-01 8.271065065004888917e-01 8.380194815153588772e-01
2.145000000000000018e+00 7.234548308785604398e-01 7.935683246912275113e-01 8.025942378624668638e-01
2.154999999999999805e+00 6.979014519221563573e-01 7.628584079795721618e-01 7.700210646073092358e-01
2.165000000000000036e+00 6.736240425975982271e-01 7.336289356322196475e-01 7.389460421839950666e-01
2.174999999999999822e+00 6.523086182886592699e-01 7.078132528152287772e-01 7.114674399303335672e-01
2.185000000000000053e+00 6.327349606466239340e-01 6.840444684607263071e-01 6.863152236802587680e-01
2.194999999999999840e+00 6.163690455047617922e-01 6.639084680263662719e-01 6.650686626644579658e-01
2.205000000000000071e+00 6.019713968717922414e-01 6.460292670261805759e-01 6.461030077613569844e-01
2.214999999999999858e+00 5.905180626371901997e-01 6.315229448335533124e-01 6.302625186877953700e-01
2.225000000000000089e+00 5.816661553171234011e-01 6.201020205577372213e-01 6.171576280095478761e-01
2.234999999999999876e+00 5.753028942607718577e-01 6.117839440561265718e-01 6.070648350802360094e-01
2.245000000000000107e+00 5.713145123429144157e-01 6.065564340053306580e-01 6.003894432198284559e-01
2.254999999999999893e+00 5.696203903933694246e-01 6.043248681245504406e-01 5.972693279475344008e-01
2.265000000000000124e+00 5.702030806950001418e-01 6.048890695447981525e-01 5.973556886179529624e-01
2.274999999999999911e+00 5.730418178822757058e-01 6.080401052832031805e-01 6.000778084536857460e-01
2.285000000000000142e+00 5.780667686153494467e-01 6.136616624253611318e-01 6.050868400419430193e-01
2.294999999999999929e+00 5.851577945192205643e-01 6.217146084643443427e-01 6.123866700584741363e-01
2.305000000000000160e+00 5.941587302527944203e-01 6.321024501822247732e-01 6.220746377023289586e-01
2.314999999999999947e+00 6.048998098216774588e-01 6.445830116742080618e-01 6.340666182838995413e-01
2.324999999999999734e+00 6.157634431172874789e-01 6.572926922932874616e-01 6.465687128399334460e-01
2.334999999999999964e+00 6.308395498041280414e-01 6.745845902847428244e-01 6.637181223277920372e-01
2.344999999999999751e+00 6.458868457297841648e-01 6.918999005999301177e-01 6.808464450776453569e-01
2.354999999999999982e+00 6.615551726511723629e-01 7.099581576006895878e-01 6.984337853158960607e-01
2.364999999999999769e+00 6.788627897026253688e-01 7.298461146468669947e-01 7.175342530413088005e-01
2.375000000000000000e+00 6.970164475755817879e-01 7.507731436359079691e-01 7.376158315237432150e-01
2.384999999999999787e+00 7.170234481936808013e-01 7.738968082655078851e-01 7.601842782950947175e-01
2.395000000000000018e+00 7.376792530592201080e-01 7.979869165772123241e-01 7.842779675039297516e-01
2.404999999999999805e+00 7.595477260765916006e-01 8.235884842856460164e-01 8.103925929960464902e-01
2.415000000000000036e+00 7.812220646991907547e-01 8.490680071154766972e-01 8.366789902140757684e-01
2.424999999999999822e+00 8.035817165586529587e-01 8.752569637668987657e-01 8.637293144831783565e-01
2.435000000000000053e+00 8.255517058471232295e-01 9.009698656594175015e-01 8.903561080103553627e-01
2.444999999999999840e+00 8.481832142079144266e-01 9.273971934131097772e-01 9.178914208161541577e-01
2.455000000000000071e+00 8.701334109659886185e-01 9.531697784475744450e-01 9.450812995895168100e-01
2.464999999999999858e+00 8.919318428755902417e-01 9.788417858270180849e-01 9.722946070425120269e-01
2.475000000000000089e+00 9.129340918742080424e-01 1.003591008981668198e+00 9.984918026395316337e-01
2.484999999999999876e+00 9.328783092762282791e-01 1.027008536449448561e+00 1.023213543723951346e+00
2.495000000000000107e+00 9.517106944067865726e-01 1.049071952662092411e+00 1.046553880265361780e+00
2.504999999999999893e+00 9.696078358286623899e-01 1.070162158462733881e+00 1.069031146862034820e+00
2.515000000000000124e+00 9.867808314388563096e-01 1.090694375934992522e+00 1.091014068625167699e+00
2.524999999999999911e+00 1.003226271951085824e+00 1.110692920009356932e+00 1.112306846629790069e+00
2.535000000000000142e+00 1.018713934230113916e+00 1.129779220793258876e+00 1.132324760283348386e+00
2.544999999999999929e+00 1.032951489067693185e+00 1.147510043193864293e+00 1.150662485092432963e+00
2.555000000000000160e+00 1.045759283519587024e+00 1.163654532831679411e+00 1.167363919841999831e+00
2.564999999999999947e+00 1.057003775778436516e+00 1.178102729393560644e+00 1.182606882071929100e+00
2.574999999999999734e+00 1.066977573731354934e+00 1.191203026376959961e+00 1.196736881586468293e+00
2.584999999999999964e+00 1.074443823490020655e+00 1.201547492497515135e+00 1.208166959720693878e+00
2.594999999999999751e+00 1.081091312380989988e+00 1.210882595257511740e+00 1.218604285142379950e+00
2.604999999999999982e+00 1.085329022928362752e+00 1.217344494376936259e+00 1.226374529435366290e+00
2.614999999999999769e+00 1.088732270452308803e+00 1.222654020026077593e+00 1.233399698309295633e+00
2.625000000000000000e+00 1.089405466572838765e+00 1.224770507221340843e+00 1.237549751398200781e+00
2.634999999999999787e+00 1.088546368271596121e+00 1.225101687063890887e+00 1.239851056236379589e+00
2.645000000000000018e+00 1.085887579969663008e+00 1.223356783018367588e+00 1.239656583299021175e+00
2.654999999999999805e+00 1.081757880448542597e+00 1.219850469840344953e+00 1.237247765118627996e+00
2.665000000000000036e+00 1.076481939858239922e+00 1.214932841845366429e+00 1.233244846001189554e+00
2.674999999999999822e+00 1.070210788376019240e+00 1.208835649473980922e+00 1.228147026714415890e+00
2.685000000000000053e+00 1.062913261222542705e+00 1.201645395440060327e+00 1.222100874983105934e+00
2.694999999999999840e+00 1.054557609985541600e+00 1.193384246382996006e+00 1.215010458346406308e+00
2.705000000000000071e+00 1.045233698459054228e+00 1.184078825336788876e+00 1.206793773036823891e+00
2.714999999999999858e+00 1.035145309433664451e+00 1.173804957609306365e+00 1.197455743198758027e+00
2.725000000000000089e+00 1.024460641663668792e+00 1.162604847883767389e+00 1.186951908375258657e+00
2.734999999999999876e+00 1.013232273154126784e+00 1.150471608318533345e+00 1.175228374412266019e+00
2.745000000000000107e+00 1.001485675234372597e+00 1.137514430253655950e+00 1.162412927273877683e+00
2.754999999999999893e+00 9.893343243633442308e-01 1.124010795252186501e+00 1.148883929474612042e+00
2.765000000000000124e+00 9.769579613226841985e-01 1.110277622778023998e+00 1.135081097828732677e+00
2.774999999999999911e+00 9.645113252421186889e-01 1.096482048033591283e+00 1.121230254003420024e+00
2.785000000000000142e+00 9.521142677224470052e-01 1.082611105091256798e+00 1.107262677099592807e+00
2.794999999999999929e+00 9.398498297302397830e-01 1.068623015024845690e+00 1.092997531601313854e+00
2.805000000000000160e+00 9.277978361112912964e-01 1.054569911347507105e+00 1.078408927323782684e+00
2.814999999999999947e+00 9.160100568131364085e-01 1.040559641854838624e+00 1.063691818130699351e+00
2.824999999999999734e+00 9.045372532500050022e-01 1.026704129421124101e+00 1.049119868384379428e+00
2.834999999999999964e+00 8.934573854257749081e-01 1.013130235350838904e+00 1.034889499366814070e+00
2.844999999999999751e+00 8.828667275560796446e-01 9.999882565176470006e-01 1.021063251365695645e+00
2.854999999999999982e+00 8.728306689189484491e-01 9.874283792315852182e-01 1.007701875257892565e+00
2.864999999999999769e+00 8.633627388917147760e-01 9.755459614787709288e-01 9.949163617521616931e-01
2.875000000000000000e+00 8.544252591815130193e-01 9.643278265937118565e-01 9.828497094752425278e-01
2.884999999999999787e+00 8.459890429115504151e-01 9.537919754140666839e-01 9.716457486636919105e-01
2.895000000000000018e+00 8.380685264405949297e-01 9.440162796504584231e-01 9.613876412143170791e-01
2.904999999999999805e+00 8.307041394292212777e-01 9.351063099557507252e-01 9.520522046340559319e-01
2.915000000000000036e+00 8.238969574549926955e-01 9.270390027726570503e-01 9.434451602102260637e-01
2.924999999999999822e+00 8.175698345286692703e-01 9.196289754678096395e-01 9.353082235708590764e-01
2.935000000000000053e+00 8.116146563807818959e-01 9.126865698138761918e-01 9.275107398651600832e-01
2.944999999999999840e+00 8.059528531427260223e-01 9.060808664795830802e-01 9.201092234765697597e-01
2.955000000000000071e+00 8.005376976292060132e-01 8.997078091833399238e-01 9.132128988510979095e-01
2.964999999999999858e+00 7.953560072764156441e-01 8.934461756390431608e-01 9.067965958753714251e-01
2.975000000000000089e+00 7.904089118013484239e-01 8.872255537621176469e-01 9.006239423972344227e-01
2.984999999999999876e+00 7.856842759428365186e-01 8.810351309524617758e-01 8.943865106693051903e-01
2.995000000000000107e+00 7.810816381704031031e-01 8.748161404009042741e-01 8.878536285709930365e-01
3.004999999999999893e+00 7.764232542476773302e-01 8.684791529586709524e-01 8.810433015909051591e-01
3.015000000000000124e+00 7.715685902435321930e-01 8.620086216145388391e-01 8.741711079607272783e-01
3.024999999999999911e+00 7.665433961223317993e-01 8.556149270822421826e-01 8.675390135370684153e-01
3.035000000000000142e+00 7.615105554636271146e-01 8.495479260182186021e-01 8.613154057778089623e-01
3.044999999999999929e+00 7.566497282179620587e-01 8.439419135143120254e-01 8.555151997332159919e-01
3.055000000000000160e+00 7.520968146331404869e-01 8.388063334410379435e-01 8.500894614859255682e-01
3.064999999999999947e+00 7.479557389306783488e-01 8.341576936813807075e-01 8.450208329860700029e-01
3.075000000000000178e+00 7.443083837047387297e-01 8.300373360394133204e-01 8.403490880757071846e-01
3.084999999999999964e+00 7.411598728898873834e-01 8.263983102355283439e-01 8.360843707275165126e-01
3.094999999999999751e+00 7.384277121838918045e-01 8.230858448295877983e-01 8.321754501903916301e-01
3.104999999999999982e+00 7.360506584362132010e-01 8.200131306445120893e-01 8.286531210679013437e-01
3.114999999999999769e+00 7.340695950775885104e-01 8.172953659754437217e-01 8.257009937142376632e-01
3.125000000000000000e+00 7.326154291982025502e-01 8.151774815443312283e-01 8.235685641601883100e-01
3.134999999999999787e+00 7.318137607785651921e-01 8.138317885204188196e-01 8.223248146801293013e-01
3.145000000000000018e+00 7.300345343298566547e-01 8.114444887811419482e-01 8.199504836630545634e-01
3.154999999999999805e+00 7.240398055362122776e-01 8.044644928384740989e-01 8.127342314897119113e-01
3.165000000000000036e+00 7.049728662533431001e-01 7.831767231051715017e-01 7.909268650408100010e-01
3.174999999999999822e+00 6.580023721124919067e-01 7.311565058638402892e-01 7.381325814449228861e-01
3.185000000000000053e+00 5.691666179259557978e-01 6.327568180351523797e-01 6.386756681173768602e-01
3.194999999999999840e+00 4.394078989403798485e-01 4.887926973228030048e-01 4.933677398260735147e-01
