5.000000000000000104e-03 0.000000000000000000e+00 0.000000000000000000e+00 0.000000000000000000e+00
1.499999999999999944e-02 0.000000000000000000e+00 0.000000000000000000e+00 0.000000000000000000e+00
2.500000000000000139e-02 0.000000000000000000e+00 0.000000000000000000e+00 0.000000000000000000e+00
3.500000000000000333e-02 0.000000000000000000e+00 0.000000000000000000e+00 0.000000000000000000e+00
4.499999999999999833e-02 0.000000000000000000e+00 0.000000000000000000e+00 0.000000000000000000e+00
5.500000000000000722e-02 0.000000000000000000e+00 0.000000000000000000e+00 0.000000000000000000e+00
6.500000000000000222e-02 0.000000000000000000e+00 0.000000000000000000e+00 0.000000000000000000e+00
7.500000000000001110e-02 0.000000000000000000e+00 0.000000000000000000e+00 0.000000000000000000e+00
8.499999999999999223e-02 0.000000000000000000e+00 0.000000000000000000e+00 0.000000000000000000e+00
9.500000000000000111e-02 0.000000000000000000e+00 0.000000000000000000e+00 0.000000000000000000e+00
1.050000000000000100e-01 0.000000000000000000e+00 0.000000000000000000e+00 0.000000000000000000e+00
1.149999999999999911e-01 0.000000000000000000e+00 0.000000000000000000e+00 0.000000000000000000e+00
1.250000000000000000e-01 0.000000000000000000e+00 0.000000000000000000e+00 0.000000000000000000e+00
1.350000000000000089e-01 0.000000000000000000e+00 0.000000000000000000e+00 0.000000000000000000e+00
1.450000000000000178e-01 0.000000000000000000e+00 0.000000000000000000e+00 0.000000000000000000e+00
1.549999999999999989e-01 0.000000000000000000e+00 0.000000000000000000e+00 0.000000000000000000e+00
1.650000000000000078e-01 3.471947828447583240e-06 0.000000000000000000e+00 0.000000000000000000e+00
1.750000000000000167e-01 1.375279017394045273e-05 0.000000000000000000e+00 0.000000000000000000e+00
1.849999999999999978e-01 3.911558018642470852e-05 0.000000000000000000e+00 0.000000000000000000e+00
1.950000000000000067e-01 9.030183205463439505e-05 0.000000000000000000e+00 0.000000000000000000e+00
2.050000000000000155e-01 1.714056838085858080e-04 0.000000000000000000e+00 0.000000000000000000e+00
2.149999999999999967e-01 2.686929799873031210e-04 0.000000000000000000e+00 0.000000000000000000e+00
2.250000000000000056e-01 3.748566250309444989e-04 0.000000000000000000e+00 0.000000000000000000e+00
2.350000000000000144e-01 4.882631302346837794e-04 0.000000000000000000e+00 0.000000000000000000e+00
2.449999999999999956e-01 6.161697044608476902e-04 0.000000000000000000e+00 0.000000000000000000e+00
2.550000000000000044e-01 7.412609198474256469e-04 0.000000000000000000e+00 0.000000000000000000e+00
2.650000000000000133e-01 8.226599440690783365e-04 0.000000000000000000e+00 0.000000000000000000e+00
2.750000000000000222e-01 8.376006693451322482e-04 0.000000000000000000e+00 0.000000000000000000e+00
2.850000000000000311e-01 8.024043418046750012e-04 0.000000000000000000e+00 0.000000000000000000e+00
2.949999999999999845e-01 7.605967831275040275e-04 0.000000000000000000e+00 0.000000000000000000e+00
3.049999999999999933e-01 7.446522484277299375e-04 0.000000000000000000e+00 0.000000000000000000e+00
3.150000000000000022e-01 7.574325016050180957e-04 0.000000000000000000e+00 0.000000000000000000e+00
3.250000000000000111e-01 7.807067207737292645e-04 0.000000000000000000e+00 0.000000000000000000e+00
3.350000000000000200e-01 8.006999815594100173e-04 0.000000000000000000e+00 0.000000000000000000e+00
3.450000000000000289e-01 8.115697248329955399e-04 0.000000000000000000e+00 0.000000000000000000e+00
3.550000000000000377e-01 8.088850456205376937e-04 0.000000000000000000e+00 0.000000000000000000e+00
3.649999999999999911e-01 7.925164433508038227e-04 0.000000000000000000e+00 0.000000000000000000e+00
3.750000000000000000e-01 7.661819645882570352e-04 0.000000000000000000e+00 0.000000000000000000e+00
3.850000000000000089e-01 7.523159383255110773e-04 0.000000000000000000e+00 0.000000000000000000e+00
3.950000000000000178e-01 7.828410819338179607e-04 0.000000000000000000e+00 0.000000000000000000e+00
4.050000000000000266e-01 8.831430477574247215e-04 0.000000000000000000e+00 0.000000000000000000e+00
4.150000000000000355e-01 1.043717815287540382e-03 3.212409922673568791e-06 0.000000000000000000e+00
4.249999999999999889e-01 1.213838326080466951e-03 1.211446402653926391e-05 0.000000000000000000e+00
4.349999999999999978e-01 1.331254965129522773e-03 3.561925592791507632e-05 0.000000000000000000e+00
4.450000000000000067e-01 1.378911980291437026e-03 8.164902566868614743e-05 0.000000000000000000e+00
4.550000000000000155e-01 1.403824890004597495e-03 1.459090690208733284e-04 0.000000000000000000e+00
4.650000000000000244e-01 1.467062439487785887e-03 2.032635960611017844e-04 0.000000000000000000e+00
4.750000000000000333e-01 1.592264129531706460e-03 2.207318999267584637e-04 0.000000000000000000e+00
4.849999999999999867e-01 1.756109655472988876e-03 1.868452377864248998e-04 0.000000000000000000e+00
4.949999999999999956e-01 1.928700605363856038e-03 1.256629592717865341e-04 0.000000000000000000e+00
5.050000000000000044e-01 2.105586517747793859e-03 7.245286167757873977e-05 0.000000000000000000e+00
5.150000000000000133e-01 2.294012746134690278e-03 5.630116975354644684e-05 0.000000000000000000e+00
5.250000000000000222e-01 2.502937260922161698e-03 8.729945694146373054e-05 0.000000000000000000e+00
5.350000000000000311e-01 2.738672429540288042e-03 1.687790127183215450e-04 0.000000000000000000e+00
5.450000000000000400e-01 3.015833326634712215e-03 2.923571899819081142e-04 0.000000000000000000e+00
5.550000000000000488e-01 3.349555537922135808e-03 4.382251551256442497e-04 0.000000000000000000e+00
5.650000000000000577e-01 3.745536732569861808e-03 5.701715595339072306e-04 0.000000000000000000e+00
5.750000000000000666e-01 4.190613019534562486e-03 6.500528440296877509e-04 0.000000000000000000e+00
5.849999999999999645e-01 4.648207003544976498e-03 6.640948610569428166e-04 0.000000000000000000e+00
5.949999999999999734e-01 5.184555398841900892e-03 6.367028791459869701e-04 0.000000000000000000e+00
6.049999999999999822e-01 5.813410315970501258e-03 6.162375452651227149e-04 0.000000000000000000e+00
6.149999999999999911e-01 6.574373137046484079e-03 6.248637129375516838e-04 0.000000000000000000e+00
6.250000000000000000e-01 7.490960329329719378e-03 6.718722289266546585e-04 0.000000000000000000e+00
6.350000000000000089e-01 8.571245639284262585e-03 7.830675381367665144e-04 3.981535200531898780e-05
6.450000000000000178e-01 9.694982250876702651e-03 9.441458412167343670e-04 1.188666089124508398e-04
6.550000000000000266e-01 1.090975106287543107e-02 1.161236155884175312e-03 2.866570073198816833e-04
6.650000000000000355e-01 1.229012287798378344e-02 1.417466960847556722e-03 5.492907190042635923e-04
6.750000000000000444e-01 1.394226532983553445e-02 1.715163632650145830e-03 8.850259378543133115e-04
6.850000000000000533e-01 1.595958757241220521e-02 2.081622451620754235e-03 1.262295154286632599e-03
6.950000000000000622e-01 1.841736662325464680e-02 2.616116679299272142e-03 1.741091475417746353e-03
7.050000000000000711e-01 2.139121489652866942e-02 3.461063611700895132e-03 2.431467170052136959e-03
7.149999999999999689e-01 2.495561059038963261e-02 4.678081581143658102e-03 3.327600126679671096e-03
7.249999999999999778e-01 2.918659908567297623e-02 6.243677942289717168e-03 4.273127286337300920e-03
7.349999999999999867e-01 3.418464995440933379e-02 8.122581781952419727e-03 5.125953797487597594e-03
7.449999999999999956e-01 4.006839652185735512e-02 1.046027730006215961e-02 5.991248135790173610e-03
7.550000000000000044e-01 4.699806528685426116e-02 1.352556267372328515e-02 7.197768172980141717e-03
7.650000000000000133e-01 5.527602966324057787e-02 1.757840311129225258e-02 9.228140081007665113e-03
7.750000000000000222e-01 6.532534523950499217e-02 2.282078178293717868e-02 1.263972738462383269e-02
7.850000000000000311e-01 7.772991499410324134e-02 2.960619926058928250e-02 1.799880489152465984e-02
7.950000000000000400e-01 9.313712556669125064e-02 3.849260884516567810e-02 2.564421664944770488e-02
8.050000000000000488e-01 1.122621880580192411e-01 5.028290987679332608e-02 3.576868359542696718e-02
8.150000000000000577e-01 1.359085306924830983e-01 6.576140410418758464e-02 4.874282012146263776e-02
8.250000000000000666e-01 1.650062056117317100e-01 8.590590232372644075e-02 6.583317551489058228e-02
8.350000000000000755e-01 2.007445819708948420e-01 1.119881213383677743e-01 8.945375599806655587e-02
8.449999999999999734e-01 2.428011342469676426e-01 1.442134076796361131e-01 1.207836656619782900e-01
8.549999999999999822e-01 2.964802414769896477e-01 1.877313929802768289e-01 1.649670454267266884e-01
8.649999999999999911e-01 3.626418689318907651e-01 2.447333678189287376e-01 2.239242338564484402e-01
8.750000000000000000e-01 4.439030169796508440e-01 3.196096224658199203e-01 3.026766907349356384e-01
8.850000000000000089e-01 5.432546716677240095e-01 4.167800824169202167e-01 4.066755112702533093e-01
8.950000000000000178e-01 6.687124485723329181e-01 5.462343605573543037e-01 5.504798546416294069e-01
9.050000000000000266e-01 8.142825547702663425e-01 7.021121303847925876e-01 7.290185954375297817e-01
9.150000000000000355e-01 9.857309805304593775e-01 8.914367495797111962e-01 9.499756359668063421e-01
9.250000000000000444e-01 1.183801279116780680e+00 1.116686560215875756e+00 1.212751759060501033e+00
9.350000000000000533e-01 1.408021788962710019e+00 1.378232223682826163e+00 1.513023549383641475e+00
9.450000000000000622e-01 1.656001625733493965e+00 1.672572350254343476e+00 1.844647427545512475e+00
9.550000000000000711e-01 1.922368180707637819e+00 1.992122377090161933e+00 2.200812403972790321e+00
9.649999999999999689e-01 2.198459598555312144e+00 2.327920283898621712e+00 2.576654606457049912e+00
9.749999999999999778e-01 2.471752109164886857e+00 2.668976898309295187e+00 2.965420036897943312e+00
9.849999999999999867e-01 2.728238708478943231e+00 3.001939479142917921e+00 3.352800362652809785e+00
9.949999999999999956e-01 2.953461691063465899e+00 3.309581708679833589e+00 3.713088444444328839e+00
1.004999999999999893e+00 3.134274574590399265e+00 3.572126453941002033e+00 4.012726781247877739e+00
1.015000000000000124e+00 3.259158552744213289e+00 3.768569643730745433e+00 4.218537338873970199e+00
1.024999999999999911e+00 3.321132290303804524e+00 3.881774399121841412e+00 4.309760808763616780e+00
1.035000000000000142e+00 3.315612757691774881e+00 3.900257849958993717e+00 4.280089605454746149e+00
1.044999999999999929e+00 3.243661237474843695e+00 3.824541072110513085e+00 4.139141809584105047e+00
1.055000000000000160e+00 3.111931174965556046e+00 3.666842716697592319e+00 3.908521680578691981e+00
1.064999999999999947e+00 2.931684955085968713e+00 3.445670255843664709e+00 3.614348229712170735e+00
1.075000000000000178e+00 2.716765084297345645e+00 3.180503728728728330e+00 3.281520977268178818e+00
1.084999999999999964e+00 2.481295686041143256e+00 2.889387876804071276e+00 2.931371092171535242e+00
1.095000000000000195e+00 2.237938579490927893e+00 2.587917937713850591e+00 2.580014685354853121e+00
1.104999999999999982e+00 1.997248970418091130e+00 2.289438942944402200e+00 2.239557270673934397e+00
1.115000000000000213e+00 1.767527203624251531e+00 2.004614555367105311e+00 1.919811290402970272e+00
1.125000000000000000e+00 1.554783248072172164e+00 1.741990078716664003e+00 1.629985335294396709e+00
1.135000000000000231e+00 1.362735636854714327e+00 1.507466025519167863e+00 1.378136358511077741e+00
1.145000000000000018e+00 1.193051675496419550e+00 1.303637260614193050e+00 1.167670068440360032e+00
1.155000000000000249e+00 1.045805912478569244e+00 1.129793868813902646e+00 9.959525745128725571e-01
1.165000000000000036e+00 9.206655187189977108e-01 9.839170228089727521e-01 8.567293805024732700e-01
1.174999999999999822e+00 8.136495167977584320e-01 8.601815170433251279e-01 7.400808042861368730e-01
1.185000000000000053e+00 7.231702284279613036e-01 7.562468309416964241e-01 6.414563972403518610e-01
1.194999999999999840e+00 6.469100269058030150e-01 6.694598382939378478e-01 5.583129927189218744e-01
1.205000000000000071e+00 5.830495201269711991e-01 5.976349124463511409e-01 4.893495724921868018e-01
1.214999999999999858e+00 5.300897352713369592e-01 5.384997892923710783e-01 4.327324359320471325e-01
1.225000000000000089e+00 4.865700725606603716e-01 4.897434596469592560e-01 3.864940697009218162e-01
1.234999999999999876e+00 4.509630714243125782e-01 4.493074718452767513e-01 3.490498902399092884e-01
1.245000000000000107e+00 4.218126814447929473e-01 4.154742447659726112e-01 3.189732218993209800e-01
1.254999999999999893e+00 3.979156562125915064e-01 3.870665079604421743e-01 2.948587393492045350e-01
1.265000000000000124e+00 3.781477123349781810e-01 3.632159735999718753e-01 2.759460636101109254e-01
1.274999999999999911e+00 3.624106065319391834e-01 3.440518128351036653e-01 2.626005127750734580e-01
1.285000000000000142e+00 3.499771550838078338e-01 3.288781348225556789e-01 2.536742885875202247e-01
1.294999999999999929e+00 3.404764497366993270e-01 3.171607794964490523e-01 2.470071616107435142e-01
1.305000000000000160e+00 3.336306655986193137e-01 3.084700261617260297e-01 2.405583282776200260e-01
1.314999999999999947e+00 3.292144733421146774e-01 3.029061009276105554e-01 2.346247327289171791e-01
1.325000000000000178e+00 3.270110854598909933e-01 3.008257427233427816e-01 2.316175661670323294e-01
1.334999999999999964e+00 3.267724292160700261e-01 3.025101163110236469e-01 2.342584180886427281e-01
1.345000000000000195e+00 3.282182800188788163e-01 3.077544955425310369e-01 2.435104116963577037e-01
1.354999999999999982e+00 3.310973203874644777e-01 3.157866625923285153e-01 2.583031573155878391e-01
1.365000000000000213e+00 3.352436264139906918e-01 3.255320103300856083e-01 2.766510341520722061e-01
1.375000000000000000e+00 3.405711410909638137e-01 3.362529433304295989e-01 2.970638780859168326e-01
1.385000000000000231e+00 3.471039149352626585e-01 3.480533797048050437e-01 3.195394999067292519e-01
1.395000000000000018e+00 3.549481093094696282e-01 3.615990424469699982e-01 3.448329509447877195e-01
1.405000000000000249e+00 3.641630165577722233e-01 3.771718530072382114e-01 3.727443427598726711e-01
1.415000000000000036e+00 3.747729968057417205e-01 3.940584622985771612e-01 4.014191148145226928e-01
1.424999999999999822e+00 3.862457126769391902e-01 4.106823901551615030e-01 4.277543175488779381e-01
1.435000000000000053e+00 3.984745770239587204e-01 4.263798427233968513e-01 4.497752256354748956e-01
1.444999999999999840e+00 4.113593806693559563e-01 4.414710669495030548e-01 4.673305742647532735e-01
1.455000000000000071e+00 4.254430474104587967e-01 4.573232561571775601e-01 4.825013035133410289e-01
1.464999999999999858e+00 4.408688080534514664e-01 4.745680055119968488e-01 4.977368733983201787e-01
1.475000000000000089e+00 4.576974446414078246e-01 4.931572989911833238e-01 5.146745728511995521e-01
1.484999999999999876e+00 4.757778439124263348e-01 5.125391447984859461e-01 5.336608277686889501e-01
1.495000000000000107e+00 4.949120048251026693e-01 5.323032200528384772e-01 5.543379480419664551e-01
1.504999999999999893e+00 5.150278441999762702e-01 5.522222618283219031e-01 5.761612455364906182e-01
1.515000000000000124e+00 5.362279168052936917e-01 5.721146941499790639e-01 5.984189481540495015e-01
1.524999999999999911e+00 5.587093513254725030e-01 5.918593276557109206e-01 6.201427141586270952e-01
1.535000000000000142e+00 5.827558251286848456e-01 6.119664475675697934e-01 6.412022431299917447e-01
1.544999999999999929e+00 6.086663830402577746e-01 6.335828928508495661e-01 6.622103405499085715e-01
1.555000000000000160e+00 6.367444156220626317e-01 6.578063875480461009e-01 6.836840516676480073e-01
1.564999999999999947e+00 6.670996375890272390e-01 6.851478797610651705e-01 7.059037260926250834e-01
1.575000000000000178e+00 6.995379401429394628e-01 7.151707037082071228e-01 7.293133156591921074e-01
1.584999999999999964e+00 7.336579158991769489e-01 7.471679178793619869e-01 7.548023114560040714e-01
1.595000000000000195e+00 7.691082514445639617e-01 7.806674497950278901e-01 7.823271815251291450e-01
1.604999999999999982e+00 8.057744962255094512e-01 8.159747270863991764e-01 8.114398139580425440e-01
1.615000000000000213e+00 8.436929798316420426e-01 8.538693832651613747e-01 8.424951137549673286e-01
1.625000000000000000e+00 8.827770666725228699e-01 8.948553970227546284e-01 8.771044899055228106e-01
1.635000000000000231e+00 9.226727542893152778e-01 9.387738314234891357e-01 9.165972020020717315e-01
1.645000000000000018e+00 9.627994273352067367e-01 9.848217092792743710e-01 9.606384377018665210e-01
1.655000000000000249e+00 1.002566036562132723e+00 1.032221805233188849e+00 1.008417546324133163e+00
1.665000000000000036e+00 1.041428775658215899e+00 1.080188280180833349e+00 1.059625984442465585e+00
1.674999999999999822e+00 1.079285989938739032e+00 1.128473234152919780e+00 1.114872455564283271e+00
1.685000000000000053e+00 1.115137291862354774e+00 1.175940454360633103e+00 1.173029520618259935e+00
1.694999999999999840e+00 1.148610117691795329e+00 1.222274676191546616e+00 1.232543268775569745e+00
1.705000000000000071e+00 1.179980711112499581e+00 1.267783148392793491e+00 1.292174997828638983e+00
1.714999999999999858e+00 1.208359731367355305e+00 1.311139055686561417e+00 1.349275726343633242e+00
1.725000000000000089e+00 1.233127473714044520e+00 1.350782470776469957e+00 1.400712159455722139e+00
1.734999999999999876e+00 1.253816129190910678e+00 1.385369075512573378e+00 1.442790534064378516e+00
1.745000000000000107e+00 1.270197298279339027e+00 1.414261730576068965e+00 1.472973216452262868e+00
1.754999999999999893e+00 1.282143235982211582e+00 1.437445315917751154e+00 1.492258822763329773e+00
1.765000000000000124e+00 1.289517196452049763e+00 1.454846111451933321e+00 1.504652303871427010e+00
1.774999999999999911e+00 1.292349646816103093e+00 1.466285502538886565e+00 1.514211014068959527e+00
1.785000000000000142e+00 1.291025369784295718e+00 1.471883535077616934e+00 1.521813396828796794e+00
1.794999999999999929e+00 1.286264500714915826e+00 1.472314733882952975e+00 1.525277958030021974e+00
1.805000000000000160e+00 1.278793374618931722e+00 1.468325164706303587e+00 1.521855047986993670e+00
1.814999999999999947e+00 1.269207359522940060e+00 1.460692519801271683e+00 1.511009433255592338e+00
1.825000000000000178e+00 1.257923408152909373e+00 1.449837632181979696e+00 1.494216262359276515e+00
1.834999999999999964e+00 1.245260011082759855e+00 1.436066048057633271e+00 1.473350902760423242e+00
1.845000000000000195e+00 1.231516405340454146e+00 1.419580491248205734e+00 1.449516647346456466e+00
1.854999999999999982e+00 1.217114277812989753e+00 1.400740781194223405e+00 1.423563889300909491e+00
1.865000000000000213e+00 1.202636708311866531e+00 1.380060112280323992e+00 1.396266507978251692e+00
1.875000000000000000e+00 1.188713136799732561e+00 1.358288004872340249e+00 1.368782349334852100e+00
1.885000000000000231e+00 1.175860619868646761e+00 1.336268986916453461e+00 1.342020176781543395e+00
1.895000000000000018e+00 1.164447553716331463e+00 1.314964017833750720e+00 1.317051075125956983e+00
1.905000000000000249e+00 1.154701051337671425e+00 1.295186580346222138e+00 1.295227999483356207e+00
1.915000000000000036e+00 1.146661212811201036e+00 1.277376344147852061e+00 1.277130071451119564e+00
1.924999999999999822e+00 1.140585258969749827e+00 1.262312540453536469e+00 1.262214694434084628e+00
1.935000000000000053e+00 1.135053055919734710e+00 1.248971802747851800e+00 1.247549592312565903e+00
1.944999999999999840e+00 1.130075685447504030e+00 1.237913202244323108e+00 1.233169364745212659e+00
1.955000000000000071e+00 1.122219898867610199e+00 1.225526311622947784e+00 1.217404055240412619e+00
1.964999999999999858e+00 1.119645955701281448e+00 1.220628928902952826e+00 1.212033230429164776e+00
1.975000000000000089e+00 1.111301770700196867e+00 1.210933300160775827e+00 1.205496437010832755e+00
1.984999999999999876e+00 1.106292949036703721e+00 1.206209435240888972e+00 1.206431349107123907e+00
1.995000000000000107e+00 1.094214813748866977e+00 1.194598430910674969e+00 1.200822260382243822e+00
2.004999999999999893e+00 1.083905872124032221e+00 1.185490313197711476e+00 1.196933400144067239e+00
2.015000000000000124e+00 1.068274445789286986e+00 1.170925508576914353e+00 1.186365683683649586e+00
2.024999999999999911e+00 1.049958781250595941e+00 1.153799636086240143e+00 1.171087889885780609e+00
2.035000000000000142e+00 1.029410340388965617e+00 1.134220083156745718e+00 1.150348246329325530e+00
2.044999999999999929e+00 1.006922980647933397e+00 1.111749264729680053e+00 1.124258130026166036e+00
2.054999999999999716e+00 9.811537569886359389e-01 1.084230392674983889e+00 1.092353904280013888e+00
2.064999999999999947e+00 9.565542045436934426e-01 1.056461346550881863e+00 1.059631788182587409e+00
2.074999999999999734e+00 9.276843089594717373e-01 1.022919082012379244e+00 1.019716292964111926e+00
2.084999999999999964e+00 9.002393872108068740e-01 9.904558868385135995e-01 9.779870682510469759e-01
2.094999999999999751e+00 8.710285919462321669e-01 9.560969386996772679e-01 9.329583690249860783e-01
2.104999999999999982e+00 8.404076179535187041e-01 9.204480373232843959e-01 8.884630389710960197e-01
2.114999999999999769e+00 8.104958929374668219e-01 8.857813558299824086e-01 8.490552024180939572e-01
2.125000000000000000e+00 7.801388825624153700e-01 8.506104819256290472e-01 8.124282695541061861e-01
2.134999999999999787e+00 7.515015933161752759e-01 8.172449534295485041e-01 7.783087675627512469e-01
2.145000000000000018e+00 7.234548308785604398e-01 7.846487616949513466e-01 7.437538254785388547e-01
2.154999999999999805e+00 6.979014519221563573e-01 7.553124345397482786e-01 7.109903456951760514e-01
2.165000000000000036e+00 6.736240425975982271e-01 7.280606515953784719e-01 6.795334535737617143e-01
2.174999999999999822e+00 6.523086182886592699e-01 7.043488851309588350e-01 6.518169835353805341e-01
2.185000000000000053e+00 6.327349606466239340e-01 6.822000318030093657e-01 6.268557913449280816e-01
2.194999999999999840e+00 6.163690455047617922e-01 6.629997918259762368e-01 6.065354172010998246e-01
2.205000000000000071e+00 6.019713968717922414e-01 6.457739198957419546e-01 5.899680913417597594e-01
2.214999999999999858e+00 5.905180626371901997e-01 6.321349393089406021e-01 5.784662230652986015e-01
2.225000000000000089e+00 5.816661553171234011e-01 6.219045913414967819e-01 5.715711677286526848e-01
2.234999999999999876e+00 5.753028942607718577e-01 6.147578624351386356e-01 5.688115280174319555e-01
2.245000000000000107e+00 5.713145123429144157e-01 6.104243714699378875e-01 5.696321955431931094e-01
2.254999999999999893e+00 5.696203903933694246e-01 6.089633486434928855e-01 5.736636865197277668e-01
2.265000000000000124e+00 5.702030806950001418e-01 6.105847988397165027e-01 5.808108868909995781e-01
2.274999999999999911e+00 5.730418178822757058e-01 6.152361335532436915e-01 5.905929699498578822e-01
2.285000000000000142e+00 5.780667686153494467e-01 6.225130061022895456e-01 6.022841939891973029e-01
2.294999999999999929e+00 5.851577945192205643e-01 6.320210423685141965e-01 6.155623152009301879e-01
2.305000000000000160e+00 5.941587302527944203e-01 6.436083183438841004e-01 6.308813800377776060e-01
2.314999999999999947e+00 6.048998098216774588e-01 6.571643154147790433e-01 6.488511249740126496e-01
2.324999999999999734e+00 6.157634431172874789e-01 6.707122306398909384e-01 6.676217186500291723e-01
2.334999999999999964e+00 6.308395498041280414e-01 6.882015674572502517e-01 6.910725103032134831e-01
2.344999999999999751e+00 6.458868457297841648e-01 7.046367396885754308e-01 7.136557098614375594e-01
2.354999999999999982e+00 6.615551726511723629e-01 7.207361795726775489e-01 7.359650511972672948e-01
2.364999999999999769e+00 6.788627897026253688e-01 7.380211819015226604e-01 7.590378107125245188e-01
2.375000000000000000e+00 6.970164475755817879e-01 7.562602883610182181e-01 7.819703697414791543e-01
2.384999999999999787e+00 7.170234481936808013e-01 7.772021325956688376e-01 8.059785046127471153e-01
2.395000000000000018e+00 7.376792530592201080e-01 7.999522589857608335e-01 8.302150440555209343e-01
2.404999999999999805e+00 7.595477260765916006e-01 8.251573024559712977e-01 8.560066051917856189e-01
2.415000000000000036e+00 7.812220646991907547e-01 8.509518744386381783e-01 8.823877896243865759e-01
2.424999999999999822e+00 8.035817165586529587e-01 8.777711273184161112e-01 9.105441408357833888e-01
2.435000000000000053e+00 8.255517058471232295e-01 9.042089380926319198e-01 9.393132436371292027e-01
2.444999999999999840e+00 8.481832142079144266e-01 9.315209123033646454e-01 9.696441504943992262e-01
2.455000000000000071e+00 8.701334109659886185e-01 9.584146772694962513e-01 9.993928259564681671e-01
2.464999999999999858e+00 8.919318428755902417e-01 9.852920944963431404e-01 1.027902577043832588e+00
2.475000000000000089e+00 9.129340918742080424e-01 1.011069629585930496e+00 1.053272385794986166e+00
2.484999999999999876e+00 9.328783092762282791e-01 1.035204152573901748e+00 1.075162922903026175e+00
2.495000000000000107e+00 9.517106944067865726e-01 1.057735500246991034e+00 1.094601105902065274e+00
2.504999999999999893e+00 9.696078358286623899e-01 1.079180144864249069e+00 1.113126749350608735e+00
2.515000000000000124e+00 9.867808314388563096e-01 1.100012056016792084e+00 1.131744525003975710e+00
2.524999999999999911e+00 1.003226271951085824e+00 1.120174346933483500e+00 1.150405014524626734e+00
2.535000000000000142e+00 1.018713934230113916e+00 1.139141369555714878e+00 1.168316034846815565e+00
2.544999999999999929e+00 1.032951489067693185e+00 1.156384398730772478e+00 1.184685812059912635e+00
2.555000000000000160e+00 1.045759283519587024e+00 1.171927573813966506e+00 1.199292913125496574e+00
2.564999999999999947e+00 1.057003775778436516e+00 1.185933666472956283e+00 1.212221595809084729e+00
2.574999999999999734e+00 1.066977573731354934e+00 1.198738810224486917e+00 1.223701085448632986e+00
2.584999999999999964e+00 1.074443823490020655e+00 1.208559663116336891e+00 1.231736322562281494e+00
2.594999999999999751e+00 1.081091312380989988e+00 1.216942203483047935e+00 1.238211518520005994e+00
2.604999999999999982e+00 1.085329022928362752e+00 1.222071615628257391e+00 1.242057412204713884e+00
2.614999999999999769e+00 1.088732270452308803e+00 1.225911500848461788e+00 1.245635044252940471e+00
2.625000000000000000e+00 1.089405466572838765e+00 1.226481865988630293e+00 1.246143000974410331e+00
2.634999999999999787e+00 1.088546368271596121e+00 1.225352633651402456e+00 1.243949417938179591e+00
2.645000000000000018e+00 1.085887579969663008e+00 1.222548099677409628e+00 1.238619771872171871e+00
2.654999999999999805e+00 1.081757880448542597e+00 1.218831157509551399e+00 1.231681858827428089e+00
2.665000000000000036e+00 1.076481939858239922e+00 1.214729179004268911e+00 1.224547279107614850e+00
2.674999999999999822e+00 1.070210788376019240e+00 1.210202859874194292e+00 1.217397120974306857e+00
2.685000000000000053e+00 1.062913261222542705e+00 1.204599497255208984e+00 1.209651455799806818e+00
2.694999999999999840e+00 1.054557609985541600e+00 1.197177527833879207e+00 1.201397680240657406e+00
2.705000000000000071e+00 1.045233698459054228e+00 1.187658904098590762e+00 1.193175780553178855e+00
2.714999999999999858e+00 1.035145309433664451e+00 1.176483548426971337e+00 1.185175074875563173e+00
2.725000000000000089e+00 1.024460641663668792e+00 1.164368134315480141e+00 1.176577860731194747e+00
2.734999999999999876e+00 1.013232273154126784e+00 1.151892719610516869e+00 1.166362052244331204e+00
2.745000000000000107e+00 1.001485675234372597e+00 1.139266582895039681e+00 1.154208265186942528e+00
2.754999999999999893e+00 9.893343243633442308e-01 1.126611501467533083e+00 1.141245796120243794e+00
2.765000000000000124e+00 9.769579613226841985e-01 1.113946806207209539e+00 1.129151293236416498e+00
2.774999999999999911e+00 9.645113252421186889e-01 1.101220199384756571e+00 1.119162764444087355e+00
2.785000000000000142e+00 9.521142677224470052e-01 1.088262373929720139e+00 1.110666267629387471e+00
2.794999999999999929e+00 9.398498297302397830e-01 1.074989828667368474e+00 1.101443194566650963e+00
2.805000000000000160e+00 9.277978361112912964e-01 1.061460724620271190e+00 1.089120911794815294e+00
2.814999999999999947e+00 9.160100568131364085e-01 1.047759527725331763e+00 1.072765951977135312e+00
2.824999999999999734e+00 9.045372532500050022e-01 1.034007032774301837e+00 1.052987652443959421e+00
2.834999999999999964e+00 8.934573854257749081e-01 1.020306066280512791e+00 1.031713831434194928e+00
2.844999999999999751e+00 8.828667275560796446e-01 1.006822478488507366e+00 1.011267791019901940e+00
2.854999999999999982e+00 8.728306689189484491e-01 9.936793136824686457e-01 9.935643019088965522e-01
2.864999999999999769e+00 8.633627388917147760e-01 9.808645280202415995e-01 9.790876180292407138e-01
2.875000000000000000e+00 8.544252591815130193e-01 9.683525128044765395e-01 9.669503750550916266e-01
2.884999999999999787e+00 8.459890429115504151e-01 9.562517359534143946e-01 9.558159564127862717e-01
2.895000000000000018e+00 8.380685264405949297e-01 9.448548439220308959e-01 9.449594372236219675e-01
2.904999999999999805e+00 8.307041394292212777e-01 9.344563974556583386e-01 9.341934953074492176e-01
2.915000000000000036e+00 8.238969574549926955e-01 9.251973700690001579e-01 9.237241869757207846e-01
2.924999999999999822e+00 8.175698345286692703e-01 9.169975026650272198e-01 9.138948929490047224e-01
2.935000000000000053e+00 8.116146563807818959e-01 9.097215527959946479e-01 9.052653593629692574e-01
2.944999999999999840e+00 8.059528531427260223e-01 9.031422277136578192e-01 8.978457214600519265e-01
2.955000000000000071e+00 8.005376976292060132e-01 8.968660093855339577e-01 8.908953670404933245e-01
2.964999999999999858e+00 7.953560072764156441e-01 8.904935894430956456e-01 8.835143454544244213e-01
2.975000000000000089e+00 7.904089118013484239e-01 8.837775337815674259e-01 8.757187168504032559e-01
2.984999999999999876e+00 7.856842759428365186e-01 8.768056022665675631e-01 8.684385683277209278e-01
2.995000000000000107e+00 7.810816381704031031e-01 8.697985464783368759e-01 8.624289591617209094e-01
3.004999999999999893e+00 7.764232542476773302e-01 8.629933941083107740e-01 8.575739529397123917e-01
3.015000000000000124e+00 7.715685902435321930e-01 8.567289323283692193e-01 8.531052834654102579e-01
3.024999999999999911e+00 7.665433961223317993e-01 8.513501893970175649e-01 8.484989070297904723e-01
3.035000000000000142e+00 7.615105554636271146e-01 8.468907419158646643e-01 8.437881807184055560e-01
3.044999999999999929e+00 7.566497282179620587e-01 8.429067450901694958e-01 8.392878353553857584e-01
3.055000000000000160e+00 7.520968146331404869e-01 8.388198422191738279e-01 8.352298304918670535e-01
3.064999999999999947e+00 7.479557389306783488e-01 8.345158829943158940e-01 8.314808162246075662e-01
3.075000000000000178e+00 7.443083837047387297e-01 8.304647271580265500e-01 8.278023784018389009e-01
3.084999999999999964e+00 7.411598728898873834e-01 8.271462693989143355e-01 8.241629764849511819e-01
3.094999999999999751e+00 7.384277121838918045e-01 8.244957093805727055e-01 8.205326665318153356e-01
3.104999999999999982e+00 7.360506584362132010e-01 8.220972780737408891e-01 8.167805575460451717e-01
3.114999999999999769e+00 7.340695950775885104e-01 8.197212420529883525e-01 8.126331932372414801e-01
3.125000000000000000e+00 7.326154291982025502e-01 8.176410412941079731e-01 8.081088180362145934e-01
3.134999999999999787e+00 7.318137607785651921e-01 8.163405229353939419e-01 8.039636304528503530e-01
3.145000000000000018e+00 7.300345343298566547e-01 8.141789470394744654e-01 7.999350130445892493e-01
3.154999999999999805e+00 7.240398055362122776e-01 8.075711158746392559e-01 7.941183148480727150e-01
3.165000000000000036e+00 7.049728662533431001e-01 7.866199520159410374e-01 7.771588006688527894e-01
3.174999999999999822e+00 6.580023721124919067e-01 7.346943739359852454e-01 7.310625118694230595e-01
3.185000000000000053e+00 5.691666179259557978e-01 6.360050385767117564e-01 6.375159817427537012e-01
3.194999999999999840e+00 4.394078989403798485e-01 4.913689404121589499e-01 4.955058176365721434e-01
