5.000000000000000104e-03 0.000000000000000000e+00 0.000000000000000000e+00 0.000000000000000000e+00
1.499999999999999944e-02 0.000000000000000000e+00 0.000000000000000000e+00 0.000000000000000000e+00
2.500000000000000139e-02 0.000000000000000000e+00 0.000000000000000000e+00 0.000000000000000000e+00
3.500000000000000333e-02 0.000000000000000000e+00 0.000000000000000000e+00 0.000000000000000000e+00
4.499999999999999833e-02 0.000000000000000000e+00 0.000000000000000000e+00 0.000000000000000000e+00
5.500000000000000722e-02 0.000000000000000000e+00 0.000000000000000000e+00 0.000000000000000000e+00
6.500000000000000222e-02 0.000000000000000000e+00 0.000000000000000000e+00 0.000000000000000000e+00
7.500000000000001110e-02 0.000000000000000000e+00 0.000000000000000000e+00 0.000000000000000000e+00
8.499999999999999223e-02 0.000000000000000000e+00 0.000000000000000000e+00 0.000000000000000000e+00
9.500000000000000111e-02 0.000000000000000000e+00 0.000000000000000000e+00 0.000000000000000000e+00
1.050000000000000100e-01 0.000000000000000000e+00 0.000000000000000000e+00 0.000000000000000000e+00
1.149999999999999911e-01 0.000000000000000000e+00 0.000000000000000000e+00 0.000000000000000000e+00
1.250000000000000000e-01 0.000000000000000000e+00 0.000000000000000000e+00 0.000000000000000000e+00
1.350000000000000089e-01 0.000000000000000000e+00 0.000000000000000000e+00 0.000000000000000000e+00
1.450000000000000178e-01 0.000000000000000000e+00 0.000000000000000000e+00 0.000000000000000000e+00
1.549999999999999989e-01 0.000000000000000000e+00 0.000000000000000000e+00 0.000000000000000000e+00
1.650000000000000078e-01 3.471947828447583240e-06 0.000000000000000000e+00 0.000000000000000000e+00
1.750000000000000167e-01 1.375279017394045273e-05 0.000000000000000000e+00 0.000000000000000000e+00
1.849999999999999978e-01 3.911558018642470852e-05 0.000000000000000000e+00 0.000000000000000000e+00
1.950000000000000067e-01 9.030183205463439505e-05 0.000000000000000000e+00 0.000000000000000000e+00
2.050000000000000155e-01 1.714056838085858080e-04 0.000000000000000000e+00 0.000000000000000000e+00
2.149999999999999967e-01 2.686929799873031210e-04 0.000000000000000000e+00 0.000000000000000000e+00
2.250000000000000056e-01 3.748566250309444989e-04 0.000000000000000000e+00 0.000000000000000000e+00
2.350000000000000144e-01 4.882631302346837794e-04 0.000000000000000000e+00 0.000000000000000000e+00
2.449999999999999956e-01 6.161697044608476902e-04 0.000000000000000000e+00 0.000000000000000000e+00
2.550000000000000044e-01 7.412609198474256469e-04 0.000000000000000000e+00 0.000000000000000000e+00
2.650000000000000133e-01 8.226599440690783365e-04 0.000000000000000000e+00 0.000000000000000000e+00
2.750000000000000222e-01 8.376006693451322482e-04 0.000000000000000000e+00 0.000000000000000000e+00
2.850000000000000311e-01 8.024043418046750012e-04 0.000000000000000000e+00 0.000000000000000000e+00
2.949999999999999845e-01 7.605967831275040275e-04 0.000000000000000000e+00 0.000000000000000000e+00
3.049999999999999933e-01 7.446522484277299375e-04 0.000000000000000000e+00 0.000000000000000000e+00
3.150000000000000022e-01 7.574325016050180957e-04 0.000000000000000000e+00 0.000000000000000000e+00
3.250000000000000111e-01 7.807067207737292645e-04 0.000000000000000000e+00 0.000000000000000000e+00
3.350000000000000200e-01 8.006999815594100173e-04 0.000000000000000000e+00 0.000000000000000000e+00
3.450000000000000289e-01 8.115697248329955399e-04 0.000000000000000000e+00 0.000000000000000000e+00
3.550000000000000377e-01 8.088850456205376937e-04 0.000000000000000000e+00 0.000000000000000000e+00
3.649999999999999911e-01 7.925164433508038227e-04 0.000000000000000000e+00 0.000000000000000000e+00
3.750000000000000000e-01 7.661819645882570352e-04 0.000000000000000000e+00 0.000000000000000000e+00
3.850000000000000089e-01 7.523159383255110773e-04 0.000000000000000000e+00 0.000000000000000000e+00
3.950000000000000178e-01 7.828410819338179607e-04 0.000000000000000000e+00 0.000000000000000000e+00
4.050000000000000266e-01 8.831430477574247215e-04 0.000000000000000000e+00 0.000000000000000000e+00
4.150000000000000355e-01 1.043717815287540382e-03 0.000000000000000000e+00 0.000000000000000000e+00
4.249999999999999889e-01 1.213838326080466951e-03 0.000000000000000000e+00 0.000000000000000000e+00
4.349999999999999978e-01 1.331254965129522773e-03 0.000000000000000000e+00 0.000000000000000000e+00
4.450000000000000067e-01 1.378911980291437026e-03 0.000000000000000000e+00 0.000000000000000000e+00
4.550000000000000155e-01 1.403824890004597495e-03 0.000000000000000000e+00 0.000000000000000000e+00
4.650000000000000244e-01 1.467062439487785887e-03 0.000000000000000000e+00 0.000000000000000000e+00
4.750000000000000333e-01 1.592264129531706460e-03 0.000000000000000000e+00 0.000000000000000000e+00
4.849999999999999867e-01 1.756109655472988876e-03 0.000000000000000000e+00 0.000000000000000000e+00
4.949999999999999956e-01 1.928700605363856038e-03 0.000000000000000000e+00 0.000000000000000000e+00
5.050000000000000044e-01 2.105586517747793859e-03 0.000000000000000000e+00 0.000000000000000000e+00
5.150000000000000133e-01 2.294012746134690278e-03 0.000000000000000000e+00 0.000000000000000000e+00
5.250000000000000222e-01 2.502937260922161698e-03 0.000000000000000000e+00 0.000000000000000000e+00
5.350000000000000311e-01 2.738672429540288042e-03 0.000000000000000000e+00 0.000000000000000000e+00
5.450000000000000400e-01 3.015833326634712215e-03 0.000000000000000000e+00 0.000000000000000000e+00
5.550000000000000488e-01 3.349555537922135808e-03 0.000000000000000000e+00 0.000000000000000000e+00
5.650000000000000577e-01 3.745536732569861808e-03 6.306524908466376159e-06 0.000000000000000000e+00
5.750000000000000666e-01 4.190613019534562486e-03 2.949364927866107556e-05 0.000000000000000000e+00
5.849999999999999645e-01 4.648207003544976498e-03 9.234082262178803038e-05 0.000000000000000000e+00
5.949999999999999734e-01 5.184555398841900892e-03 2.478787433696592185e-04 0.000000000000000000e+00
6.049999999999999822e-01 5.813410315970501258e-03 5.031090108564617363e-04 0.000000000000000000e+00
6.149999999999999911e-01 6.574373137046484079e-03 8.413652498530271081e-04 0.000000000000000000e+00
6.250000000000000000e-01 7.490960329329719378e-03 1.160503050837007142e-03 0.000000000000000000e+00
6.350000000000000089e-01 8.571245639284262585e-03 1.355394148134486882e-03 0.000000000000000000e+00
6.450000000000000178e-01 9.694982250876702651e-03 1.407445272370591582e-03 0.000000000000000000e+00
6.550000000000000266e-01 1.090975106287543107e-02 1.382275182950717810e-03 0.000000000000000000e+00
6.650000000000000355e-01 1.229012287798378344e-02 1.385333902837839306e-03 0.000000000000000000e+00
6.750000000000000444e-01 1.394226532983553445e-02 1.534249098358581162e-03 0.000000000000000000e+00
6.850000000000000533e-01 1.595958757241220521e-02 2.005119497010213886e-03 1.702181736720515958e-04
6.950000000000000622e-01 1.841736662325464680e-02 3.014467409617098328e-03 8.086496779455178011e-04
7.050000000000000711e-01 2.139121489652866942e-02 4.677783919933205595e-03 2.642589626447905144e-03
7.149999999999999689e-01 2.495561059038963261e-02 7.010727872750333392e-03 6.919378422995195628e-03
7.249999999999999778e-01 2.918659908567297623e-02 9.886841362520121940e-03 1.445426029585547209e-02
7.349999999999999867e-01 3.418464995440933379e-02 1.326606201267234962e-02 2.478272064316098047e-02
7.449999999999999956e-01 4.006839652185735512e-02 1.719371973097938780e-02 3.589882831232226595e-02
7.550000000000000044e-01 4.699806528685426116e-02 2.162436355569181262e-02 4.533102607988907795e-02
7.650000000000000133e-01 5.527602966324057787e-02 2.647642338082897145e-02 5.217130474557572783e-02
7.750000000000000222e-01 6.532534523950499217e-02 3.196973392353128635e-02 5.825599252219706287e-02
7.850000000000000311e-01 7.772991499410324134e-02 3.875548093247420389e-02 6.677228157428342914e-02
7.950000000000000400e-01 9.313712556669125064e-02 4.805049578903140828e-02 8.166254032509698280e-02
8.050000000000000488e-01 1.122621880580192411e-01 6.130876023633888977e-02 1.064385419617494694e-01
8.150000000000000577e-01 1.359085306924830983e-01 8.014759888742441218e-02 1.440329794978447153e-01
8.250000000000000666e-01 1.650062056117317100e-01 1.061294220907441355e-01 1.965765565285671479e-01
8.350000000000000755e-01 2.007445819708948420e-01 1.405169919673816548e-01 2.635083346574126351e-01
8.449999999999999734e-01 2.428011342469676426e-01 1.825421335427065972e-01 3.405270146608677662e-01
8.549999999999999822e-01 2.964802414769896477e-01 2.366919445609941552e-01 4.343797316008368159e-01
8.649999999999999911e-01 3.626418689318907651e-01 3.041886374702235107e-01 5.483920563816230276e-01
8.750000000000000000e-01 4.439030169796508440e-01 3.874072575849958344e-01 6.877050890673356287e-01
8.850000000000000089e-01 5.432546716677240095e-01 4.892898911995967604e-01 8.539706918649369038e-01
8.950000000000000178e-01 6.687124485723329181e-01 6.168599600968762697e-01 1.055071511466971090e+00
9.050000000000000266e-01 8.142825547702663425e-01 7.639176517585715143e-01 1.278254675179836486e+00
9.150000000000000355e-01 9.857309805304593775e-01 9.376358444584589336e-01 1.536613018739869441e+00
9.250000000000000444e-01 1.183801279116780680e+00 1.142806357632492054e+00 1.835183476497225685e+00
9.350000000000000533e-01 1.408021788962710019e+00 1.384922735372539293e+00 2.175495121710569801e+00
9.450000000000000622e-01 1.656001625733493965e+00 1.665976622524142359e+00 2.551057372457415262e+00
9.550000000000000711e-01 1.922368180707637819e+00 1.981639518496248753e+00 2.949358647288050861e+00
9.649999999999999689e-01 2.198459598555312144e+00 2.320334134489594469e+00 3.352939787530068827e+00
9.749999999999999778e-01 2.471752109164886857e+00 2.664091771147380161e+00 3.734592334895073584e+00
9.849999999999999867e-01 2.728238708478943231e+00 2.992382450750778133e+00 4.063131832960337420e+00
9.949999999999999956e-01 2.953461691063465899e+00 3.285147616066633081e+00 4.311468542503300583e+00
1.004999999999999893e+00 3.134274574590399265e+00 3.526400895513583045e+00 4.465786888466924509e+00
1.015000000000000124e+00 3.259158552744213289e+00 3.705176693066617677e+00 4.526884664527033308e+00
1.024999999999999911e+00 3.321132290303804524e+00 3.814078409415226467e+00 4.499694404744775333e+00
1.035000000000000142e+00 3.315612757691774881e+00 3.844025527952594778e+00 4.377772824536460661e+00
1.044999999999999929e+00 3.243661237474843695e+00 3.789432678919928410e+00 4.153786988623108911e+00
1.055000000000000160e+00 3.111931174965556046e+00 3.654354014449366694e+00 3.835306871405117501e+00
1.064999999999999947e+00 2.931684955085968713e+00 3.454130246456032616e+00 3.449684145268185009e+00
1.075000000000000178e+00 2.716765084297345645e+00 3.210706172669745229e+00 3.034084151318320099e+00
1.084999999999999964e+00 2.481295686041143256e+00 2.944982278697709788e+00 2.619301958668731167e+00
1.095000000000000195e+00 2.237938579490927893e+00 2.672809976760226469e+00 2.224462492261833013e+00
1.104999999999999982e+00 1.997248970418091130e+00 2.404738980897574319e+00 1.859253519216025996e+00
1.115000000000000213e+00 1.767527203624251531e+00 2.146532324504031752e+00 1.524896715235865674e+00
1.125000000000000000e+00 1.554783248072172164e+00 1.900861749337429130e+00 1.220635515654779013e+00
1.135000000000000231e+00 1.362735636854714327e+00 1.670081562124943630e+00 9.508666314265321606e-01
1.145000000000000018e+00 1.193051675496419550e+00 1.456877944441267392e+00 7.240377323667949172e-01
1.155000000000000249e+00 1.045805912478569244e+00 1.264553363824281629e+00 5.466826607041153085e-01
1.165000000000000036e+00 9.206655187189977108e-01 1.097264177668833440e+00 4.176648066348190302e-01
1.174999999999999822e+00 8.136495167977584320e-01 9.545909071325254791e-01 3.254244799207345884e-01
1.185000000000000053e+00 7.231702284279613036e-01 8.364744309320357729e-01 2.586469290149618905e-01
1.194999999999999840e+00 6.469100269058030150e-01 7.383719889798022740e-01 2.072872505526512088e-01
1.205000000000000071e+00 5.830495201269711991e-01 6.547567564275286189e-01 1.660664183748646328e-01
1.214999999999999858e+00 5.300897352713369592e-01 5.818596342005902811e-01 1.338924877592167217e-01
1.225000000000000089e+00 4.865700725606603716e-01 5.186972109280194587e-01 1.106056707812452522e-01
1.234999999999999876e+00 4.509630714243125782e-01 4.656754843374963926e-01 9.502573900657104722e-02
1.245000000000000107e+00 4.218126814447929473e-01 4.222216727634021116e-01 8.479749129315732048e-02
1.254999999999999893e+00 3.979156562125915064e-01 3.864259333287096143e-01 7.749048912774463005e-02
1.265000000000000124e+00 3.781477123349781810e-01 3.558337546595916057e-01 7.109056359203544395e-02
1.274999999999999911e+00 3.624106065319391834e-01 3.290819927049719595e-01 6.436476659513450105e-02
1.285000000000000142e+00 3.499771550838078338e-01 3.046948115281304936e-01 5.659892365811301784e-02
1.294999999999999929e+00 3.404764497366993270e-01 2.823170148826424919e-01 4.770759094739300543e-02
1.305000000000000160e+00 3.336306655986193137e-01 2.624929293594184809e-01 3.857116476388246229e-02
1.314999999999999947e+00 3.292144733421146774e-01 2.461280022175670601e-01 3.042418237674562181e-02
1.325000000000000178e+00 3.270110854598909933e-01 2.337911467789056397e-01 2.460702753135331905e-02
1.334999999999999964e+00 3.267724292160700261e-01 2.254139972352589005e-01 2.188373452154624213e-02
1.345000000000000195e+00 3.282182800188788163e-01 2.208708421258147592e-01 2.214948260849353839e-02
1.354999999999999982e+00 3.310973203874644777e-01 2.202262065621228282e-01 2.482979216802481612e-02
1.365000000000000213e+00 3.352436264139906918e-01 2.234649381914647626e-01 2.957917943074871853e-02
1.375000000000000000e+00 3.405711410909638137e-01 2.299326236962002667e-01 3.668160797340155183e-02
1.385000000000000231e+00 3.471039149352626585e-01 2.382122775411085469e-01 4.642653423720657924e-02
1.395000000000000018e+00 3.549481093094696282e-01 2.467512699743881210e-01 5.842077899059321122e-02
1.405000000000000249e+00 3.641630165577722233e-01 2.547954523975534680e-01 7.158801481346113715e-02
1.415000000000000036e+00 3.747729968057417205e-01 2.628856698416839333e-01 8.576371776111221812e-02
1.424999999999999822e+00 3.862457126769391902e-01 2.723029233480150912e-01 1.026539331989584775e-01
1.435000000000000053e+00 3.984745770239587204e-01 2.848662727209599344e-01 1.254031003548998213e-01
1.444999999999999840e+00 4.113593806693559563e-01 3.014586383722822061e-01 1.564999053121748918e-01
1.455000000000000071e+00 4.254430474104587967e-01 3.222804565869079596e-01 1.960155444606805075e-01
1.464999999999999858e+00 4.408688080534514664e-01 3.463394224910158470e-01 2.414565455349724221e-01
1.475000000000000089e+00 4.576974446414078246e-01 3.722236718339476114e-01 2.896933952665198819e-01
1.484999999999999876e+00 4.757778439124263348e-01 3.984492083462905510e-01 3.398206728404885579e-01
1.495000000000000107e+00 4.949120048251026693e-01 4.244489536011166742e-01 3.947563428575430744e-01
1.504999999999999893e+00 5.150278441999762702e-01 4.513714281804936945e-01 4.578782289332764543e-01
1.515000000000000124e+00 5.362279168052936917e-01 4.816850567904896185e-01 5.303886451674262315e-01
1.524999999999999911e+00 5.587093513254725030e-01 5.176058606271251028e-01 6.106406129392335513e-01
1.535000000000000142e+00 5.827558251286848456e-01 5.599931690535367990e-01 6.983416953438509323e-01
1.544999999999999929e+00 6.086663830402577746e-01 6.082797023506414380e-01 7.961867994359941303e-01
1.555000000000000160e+00 6.367444156220626317e-01 6.611867401995623617e-01 9.061919983978701243e-01
1.564999999999999947e+00 6.670996375890272390e-01 7.162561931867498233e-01 1.023190026955646648e+00
1.575000000000000178e+00 6.995379401429394628e-01 7.706111825860297859e-01 1.136107629780261030e+00
1.584999999999999964e+00 7.336579158991769489e-01 8.225646822150022297e-01 1.234987125004639141e+00
1.595000000000000195e+00 7.691082514445639617e-01 8.732393095247429349e-01 1.318049670994231093e+00
1.604999999999999982e+00 8.057744962255094512e-01 9.257875165840163678e-01 1.390354414017807461e+00
1.615000000000000213e+00 8.436929798316420426e-01 9.827404834412766244e-01 1.457788118630644281e+00
1.625000000000000000e+00 8.827770666725228699e-01 1.043721082854285997e+00 1.521740995489496040e+00
1.635000000000000231e+00 9.226727542893152778e-01 1.106278047249497742e+00 1.580446537783122496e+00
1.645000000000000018e+00 9.627994273352067367e-01 1.167390237433096889e+00 1.630135750056585620e+00
1.655000000000000249e+00 1.002566036562132723e+00 1.225060316761625412e+00 1.667309379783814993e+00
1.665000000000000036e+00 1.041428775658215899e+00 1.278643072236526290e+00 1.689131778839316311e+00
1.674999999999999822e+00 1.079285989938739032e+00 1.328720997957424599e+00 1.694744303737519386e+00
1.685000000000000053e+00 1.115137291862354774e+00 1.374598564186998662e+00 1.683337718842470521e+00
1.694999999999999840e+00 1.148610117691795329e+00 1.415905002095284804e+00 1.659871236879280287e+00
1.705000000000000071e+00 1.179980711112499581e+00 1.452929985957083447e+00 1.636250570068026322e+00
1.714999999999999858e+00 1.208359731367355305e+00 1.484293201994726141e+00 1.621828045021071363e+00
1.725000000000000089e+00 1.233127473714044520e+00 1.508354506094769176e+00 1.616299450177715924e+00
1.734999999999999876e+00 1.253816129190910678e+00 1.522985757183661804e+00 1.608073293535564829e+00
1.745000000000000107e+00 1.270197298279339027e+00 1.527626041604016827e+00 1.583997704631409542e+00
1.754999999999999893e+00 1.282143235982211582e+00 1.524040175108770878e+00 1.540226761513609155e+00
1.765000000000000124e+00 1.289517196452049763e+00 1.514350817394348514e+00 1.481326144099164299e+00
1.774999999999999911e+00 1.292349646816103093e+00 1.499260745886670465e+00 1.414827829950678684e+00
1.785000000000000142e+00 1.291025369784295718e+00 1.478010827626061729e+00 1.348284743937696373e+00
1.794999999999999929e+00 1.286264500714915826e+00 1.450457581510037341e+00 1.289138594319908515e+00
1.805000000000000160e+00 1.278793374618931722e+00 1.417965008990786480e+00 1.240354312605267850e+00
1.814999999999999947e+00 1.269207359522940060e+00 1.382433215939602444e+00 1.198105600333340126e+00
1.825000000000000178e+00 1.257923408152909373e+00 1.345033401976412524e+00 1.155318397842338696e+00
1.834999999999999964e+00 1.245260011082759855e+00 1.306700435590725018e+00 1.110199958615575966e+00
1.845000000000000195e+00 1.231516405340454146e+00 1.268998168206733279e+00 1.068453191985654582e+00
1.854999999999999982e+00 1.217114277812989753e+00 1.234167043135226516e+00 1.037237465090316446e+00
1.865000000000000213e+00 1.202636708311866531e+00 1.204197815967101404e+00 1.018658921474401513e+00
1.875000000000000000e+00 1.188713136799732561e+00 1.180246836504642571e+00 1.010117738144054478e+00
1.885000000000000231e+00 1.175860619868646761e+00 1.162638468059046470e+00 1.008000137604188939e+00
1.895000000000000018e+00 1.164447553716331463e+00 1.151231817564913884e+00 1.012113356313654844e+00
1.905000000000000249e+00 1.154701051337671425e+00 1.145395100334903438e+00 1.024154293952955985e+00
1.915000000000000036e+00 1.146661212811201036e+00 1.144338535293529358e+00 1.045364397105617016e+00
1.924999999999999822e+00 1.140585258969749827e+00 1.147714650878830955e+00 1.074332250436115688e+00
1.935000000000000053e+00 1.135053055919734710e+00 1.153627023913227578e+00 1.106330239202417243e+00
1.944999999999999840e+00 1.130075685447504030e+00 1.161517194874829295e+00 1.138167719895366581e+00
1.955000000000000071e+00 1.122219898867610199e+00 1.167036638098062351e+00 1.164544186276694315e+00
1.964999999999999858e+00 1.119645955701281448e+00 1.178995194814976832e+00 1.195148307198381277e+00
1.975000000000000089e+00 1.111301770700196867e+00 1.185060162046892129e+00 1.217526015829235586e+00
1.984999999999999876e+00 1.106292949036703721e+00 1.195629050110943892e+00 1.240526337095567699e+00
1.995000000000000107e+00 1.094214813748866977e+00 1.198374316902002690e+00 1.249289350497219120e+00
2.004999999999999893e+00 1.083905872124032221e+00 1.202218675084892219e+00 1.251372858527428189e+00
2.015000000000000124e+00 1.068274445789286986e+00 1.197712628786859579e+00 1.238764546229201180e+00
2.024999999999999911e+00 1.049958781250595941e+00 1.186564634901586146e+00 1.214824644107431517e+00
2.035000000000000142e+00 1.029410340388965617e+00 1.169082349738537419e+00 1.181527369919673776e+00
2.044999999999999929e+00 1.006922980647933397e+00 1.146567668952050534e+00 1.140516464080797432e+00
2.054999999999999716e+00 9.811537569886359389e-01 1.118830075351839204e+00 1.092126134998886000e+00
2.064999999999999947e+00 9.565542045436934426e-01 1.091632832810794040e+00 1.042580708171507498e+00
2.074999999999999734e+00 9.276843089594717373e-01 1.058760769982062477e+00 9.901093632004747125e-01
2.084999999999999964e+00 9.002393872108068740e-01 1.026574454216316878e+00 9.427856090124180355e-01
2.094999999999999751e+00 8.710285919462321669e-01 9.917411471055457284e-01 8.979475039971376304e-01
2.104999999999999982e+00 8.404076179535187041e-01 9.551085167999202596e-01 8.520922870470059030e-01
2.114999999999999769e+00 8.104958929374668219e-01 9.195620828418207271e-01 8.052186536602696787e-01
2.125000000000000000e+00 7.801388825624153700e-01 8.838897702638280895e-01 7.571527460042196678e-01
2.134999999999999787e+00 7.515015933161752759e-01 8.499286920972803916e-01 7.126906351620403424e-01
2.145000000000000018e+00 7.234548308785604398e-01 8.153465681048842617e-01 6.708039462862549485e-01
2.154999999999999805e+00 6.979014519221563573e-01 7.814819322041528515e-01 6.325636281658859605e-01
2.165000000000000036e+00 6.736240425975982271e-01 7.471529488136566810e-01 5.970661411368235472e-01
2.174999999999999822e+00 6.523086182886592699e-01 7.151599321604594772e-01 5.674468305088724573e-01
2.185000000000000053e+00 6.327349606466239340e-01 6.852034607590665738e-01 5.430406118666689652e-01
2.194999999999999840e+00 6.163690455047617922e-01 6.599120439898019663e-01 5.245406567539980802e-01
2.205000000000000071e+00 6.019713968717922414e-01 6.388574114218599220e-01 5.107926691835957822e-01
2.214999999999999858e+00 5.905180626371901997e-01 6.236798002177652567e-01 5.041878795808697467e-01
2.225000000000000089e+00 5.816661553171234011e-01 6.134804010639762772e-01 5.050576760858629388e-01
2.234999999999999876e+00 5.753028942607718577e-01 6.065723596114185323e-01 5.111190071290245829e-01
2.245000000000000107e+00 5.713145123429144157e-01 6.011555882236611081e-01 5.177869285509089092e-01
2.254999999999999893e+00 5.696203903933694246e-01 5.963083040629688636e-01 5.224103929710900429e-01
2.265000000000000124e+00 5.702030806950001418e-01 5.923725460988173985e-01 5.269675810859747456e-01
2.274999999999999911e+00 5.730418178822757058e-01 5.903848016436116231e-01 5.366810425457592126e-01
2.285000000000000142e+00 5.780667686153494467e-01 5.913959745918708766e-01 5.546063673149121964e-01
2.294999999999999929e+00 5.851577945192205643e-01 5.959552531016047983e-01 5.798207100745369491e-01
2.305000000000000160e+00 5.941587302527944203e-01 6.041378208381665837e-01 6.094286859992991134e-01
2.314999999999999947e+00 6.048998098216774588e-01 6.155701558930208872e-01 6.417169974281925482e-01
2.324999999999999734e+00 6.157634431172874789e-01 6.281068385734337456e-01 6.741613417702851940e-01
2.334999999999999964e+00 6.308395498041280414e-01 6.454201784210914505e-01 7.102414321118415419e-01
2.344999999999999751e+00 6.458868457297841648e-01 6.628723805818725889e-01 7.423357394447580582e-01
2.354999999999999982e+00 6.615551726511723629e-01 6.812266022806318100e-01 7.710661053981033852e-01
2.364999999999999769e+00 6.788627897026253688e-01 7.019538469418978854e-01 7.991909091070652504e-01
2.375000000000000000e+00 6.970164475755817879e-01 7.247770147240111260e-01 8.277175397013929459e-01
2.384999999999999787e+00 7.170234481936808013e-01 7.513781025522046075e-01 8.581407194884123069e-01
2.395000000000000018e+00 7.376792530592201080e-01 7.807803147585631320e-01 8.881906202964005015e-01
2.404999999999999805e+00 7.595477260765916006e-01 8.131100671077426956e-01 9.174046094466310475e-01
2.415000000000000036e+00 7.812220646991907547e-01 8.458698721110836649e-01 9.444925534503338937e-01
2.424999999999999822e+00 8.035817165586529587e-01 8.790333933976901548e-01 9.733938526407713843e-01
2.435000000000000053e+00 8.255517058471232295e-01 9.112413199892719362e-01 1.006824901612981993e+00
2.444999999999999840e+00 8.481832142079144266e-01 9.437603157917454633e-01 1.047601377836775871e+00
2.455000000000000071e+00 8.701334109659886185e-01 9.750363023563221043e-01 1.090284463424444628e+00
2.464999999999999858e+00 8.919318428755902417e-01 1.005014812515182765e+00 1.129597629525415092e+00
2.475000000000000089e+00 9.129340918742080424e-01 1.032801684158340283e+00 1.161833834296266632e+00
2.484999999999999876e+00 9.328783092762282791e-01 1.058730714195877276e+00 1.188746840207431266e+00
2.495000000000000107e+00 9.517106944067865726e-01 1.083846716052903947e+00 1.212970413255403557e+00
2.504999999999999893e+00 9.696078358286623899e-01 1.109095036690677993e+00 1.234420387995999846e+00
2.515000000000000124e+00 9.867808314388563096e-01 1.134405668342635121e+00 1.250675426837681403e+00
2.524999999999999911e+00 1.003226271951085824e+00 1.158926605829293965e+00 1.260918501867136055e+00
2.535000000000000142e+00 1.018713934230113916e+00 1.181464535709815689e+00 1.268493811985850650e+00
2.544999999999999929e+00 1.032951489067693185e+00 1.201218444805074448e+00 1.278553133134753939e+00
2.555000000000000160e+00 1.045759283519587024e+00 1.217750003460731145e+00 1.293151314963226550e+00
2.564999999999999947e+00 1.057003775778436516e+00 1.230950947375855087e+00 1.308799696420154479e+00
2.574999999999999734e+00 1.066977573731354934e+00 1.241378149767536465e+00 1.319756524213294258e+00
2.584999999999999964e+00 1.074443823490020655e+00 1.247944294625936923e+00 1.320998209693897252e+00
2.594999999999999751e+00 1.081091312380989988e+00 1.252531468003661663e+00 1.315685596795195034e+00
2.604999999999999982e+00 1.085329022928362752e+00 1.252909500671163467e+00 1.305059035927213174e+00
2.614999999999999769e+00 1.088732270452308803e+00 1.250852488363624282e+00 1.292914649040803665e+00
2.625000000000000000e+00 1.089405466572838765e+00 1.244864393935587454e+00 1.277539238424953982e+00
2.634999999999999787e+00 1.088546368271596121e+00 1.237626346472864070e+00 1.261235745552386822e+00
2.645000000000000018e+00 1.085887579969663008e+00 1.229908119647782350e+00 1.245948008484322855e+00
2.654999999999999805e+00 1.081757880448542597e+00 1.222543026307929548e+00 1.234208240447009608e+00
2.665000000000000036e+00 1.076481939858239922e+00 1.215359290952054305e+00 1.225419771926306023e+00
2.674999999999999822e+00 1.070210788376019240e+00 1.207201736936893921e+00 1.215592558948623392e+00
2.685000000000000053e+00 1.062913261222542705e+00 1.196790932182333345e+00 1.200589759610841467e+00
2.694999999999999840e+00 1.054557609985541600e+00 1.183755026413459754e+00 1.178769251395076267e+00
2.705000000000000071e+00 1.045233698459054228e+00 1.168549488673218839e+00 1.150884085479176644e+00
2.714999999999999858e+00 1.035145309433664451e+00 1.151768923199062211e+00 1.118426038308958370e+00
2.725000000000000089e+00 1.024460641663668792e+00 1.133834133778822473e+00 1.083856120500543696e+00
2.734999999999999876e+00 1.013232273154126784e+00 1.115281571475391420e+00 1.051298522410307523e+00
2.745000000000000107e+00 1.001485675234372597e+00 1.097106649124452993e+00 1.025812806895769480e+00
2.754999999999999893e+00 9.893343243633442308e-01 1.080422336591852162e+00 1.010110525549309912e+00
2.765000000000000124e+00 9.769579613226841985e-01 1.065658251904084919e+00 1.002570115548069296e+00
2.774999999999999911e+00 9.645113252421186889e-01 1.052394768923420099e+00 9.982821632122304001e-01
2.785000000000000142e+00 9.521142677224470052e-01 1.039496434442520378e+00 9.922719041207427315e-01
2.794999999999999929e+00 9.398498297302397830e-01 1.025864140136059532e+00 9.835474833834275676e-01
2.805000000000000160e+00 9.277978361112912964e-01 1.011006368874911132e+00 9.748815656280388486e-01
2.814999999999999947e+00 9.160100568131364085e-01 9.956496438423794171e-01 9.691787284331653263e-01
2.824999999999999734e+00 9.045372532500050022e-01 9.810786056703438840e-01 9.663233176783713185e-01
2.834999999999999964e+00 8.934573854257749081e-01 9.683064753427015336e-01 9.630462695119605954e-01
2.844999999999999751e+00 8.828667275560796446e-01 9.574469179671130092e-01 9.563034745766285649e-01
2.854999999999999982e+00 8.728306689189484491e-01 9.477865060495760385e-01 9.455815982440661793e-01
2.864999999999999769e+00 8.633627388917147760e-01 9.387427020558677393e-01 9.324835647780187475e-01
2.875000000000000000e+00 8.544252591815130193e-01 9.303642007695611671e-01 9.193904835788858643e-01
2.884999999999999787e+00 8.459890429115504151e-01 9.232092200944489457e-01 9.079786622471139879e-01
2.895000000000000018e+00 8.380685264405949297e-01 9.179206937185838688e-01 8.993858917940654729e-01
2.904999999999999805e+00 8.307041394292212777e-01 9.147177721800027195e-01 8.940417453825562077e-01
2.915000000000000036e+00 8.238969574549926955e-01 9.130507541282083528e-01 8.919078288593572656e-01
2.924999999999999822e+00 8.175698345286692703e-01 9.116750198626568658e-01 8.915766102695418249e-01
2.935000000000000053e+00 8.116146563807818959e-01 9.094851323405210852e-01 8.915636957059274170e-01
2.944999999999999840e+00 8.059528531427260223e-01 9.060452855038100273e-01 8.905332223498152455e-01
2.955000000000000071e+00 8.005376976292060132e-01 9.017887563475562862e-01 8.880972506197828409e-01
2.964999999999999858e+00 7.953560072764156441e-01 8.973970789986788210e-01 8.845983824014469477e-01
2.975000000000000089e+00 7.904089118013484239e-01 8.933111983518469135e-01 8.812896161245481474e-01
2.984999999999999876e+00 7.856842759428365186e-01 8.895974006369762321e-01 8.794501030302910305e-01
2.995000000000000107e+00 7.810816381704031031e-01 8.858905670684634748e-01 8.786061379455446518e-01
3.004999999999999893e+00 7.764232542476773302e-01 8.817354365572278585e-01 8.755980186582055236e-01
3.015000000000000124e+00 7.715685902435321930e-01 8.769651990383987572e-01 8.671681661829619969e-01
3.024999999999999911e+00 7.665433961223317993e-01 8.718719985611051992e-01 8.527384925534216009e-01
3.035000000000000142e+00 7.615105554636271146e-01 8.667123761071715560e-01 8.350280928881723685e-01
3.044999999999999929e+00 7.566497282179620587e-01 8.612568929382545813e-01 8.177683453913562328e-01
3.055000000000000160e+00 7.520968146331404869e-01 8.549267710414527599e-01 8.038806364379817992e-01
3.064999999999999947e+00 7.479557389306783488e-01 8.473729719041367403e-01 7.949185717468094658e-01
3.075000000000000178e+00 7.443083837047387297e-01 8.390114275675401023e-01 7.913095276794376298e-01
3.084999999999999964e+00 7.411598728898873834e-01 8.308192106230460894e-01 7.920194856963789221e-01
3.094999999999999751e+00 7.384277121838918045e-01 8.239698659846862450e-01 7.951760782478535239e-01
3.104999999999999982e+00 7.360506584362132010e-01 8.192876639154315077e-01 7.993696861171468715e-01
3.114999999999999769e+00 7.340695950775885104e-01 8.169503379990123992e-01 8.043415472701136437e-01
3.125000000000000000e+00 7.326154291982025502e-01 8.164443950448886378e-01 8.100045714902588401e-01
3.134999999999999787e+00 7.318137607785651921e-01 8.168557585030992163e-01 8.154427732372777626e-01
3.145000000000000018e+00 7.300345343298566547e-01 8.154000569431936185e-01 8.176821357193704287e-01
3.154999999999999805e+00 7.240398055362122776e-01 8.080006359192143384e-01 8.130583343385158201e-01
3.165000000000000036e+00 7.049728662533431001e-01 7.850702828090797558e-01 7.927673240830626078e-01
3.174999999999999822e+00 6.580023721124919067e-01 7.309122792923133938e-01 7.411649455072785164e-01
3.185000000000000053e+00 5.691666179259557978e-01 6.308682075295666269e-01 6.423918978184840478e-01
3.194999999999999840e+00 4.394078989403798485e-01 4.863541848936989709e-01 4.968460368424677531e-01
