0.000000000000000000e+00 0.000000000000000000e+00
2.916666666666666519e+00 0.000000000000000000e+00
5.833333333333333037e+00 0.000000000000000000e+00
8.750000000000000000e+00 0.000000000000000000e+00
1.166666666666666607e+01 1.650165016501650185e-03
1.458333333333333215e+01 9.900990099009901110e-03
1.750000000000000000e+01 2.145214521452145154e-02
2.041666666666666430e+01 5.610561056105610456e-02
2.333333333333333215e+01 1.056105610561056118e-01
2.625000000000000000e+01 1.386138613861386260e-01
2.916666666666666430e+01 1.435643564356435531e-01
3.208333333333332860e+01 1.336633663366336711e-01
3.500000000000000000e+01 1.105610561056105667e-01
3.791666666666666430e+01 1.006600660066006570e-01
4.083333333333332860e+01 5.775577557755775387e-02
4.375000000000000000e+01 4.620462046204620171e-02
4.666666666666666430e+01 1.485148514851485080e-02
4.958333333333332860e+01 2.640264026402640296e-02
5.250000000000000000e+01 1.155115511551155043e-02
5.541666666666666430e+01 1.320132013201320148e-02
5.833333333333332860e+01 6.600660066006600740e-03
6.125000000000000000e+01 0.000000000000000000e+00
6.416666666666665719e+01 1.650165016501650185e-03
6.708333333333332860e+01 0.000000000000000000e+00
7.000000000000000000e+01 0.000000000000000000e+00
