0.000000000000000000e+00 0.000000000000000000e+00
2.916666666666666519e+00 2.946636414532810701e-05
5.833333333333333037e+00 8.839909243598431969e-04
8.750000000000000000e+00 7.101393759024073743e-03
1.166666666666666607e+01 2.808144503049768773e-02
1.458333333333333215e+01 6.516486430739311386e-02
1.750000000000000000e+01 1.105872646374163881e-01
2.041666666666666430e+01 1.408197542505230382e-01
2.333333333333333215e+01 1.501163921383740496e-01
2.625000000000000000e+01 1.348380823290214192e-01
2.916666666666666430e+01 1.123994460323540640e-01
3.208333333333332860e+01 8.281521643044464920e-02
3.500000000000000000e+01 5.843180010018563658e-02
3.791666666666666430e+01 3.991219023484691986e-02
4.083333333333332860e+01 2.534107316498217244e-02
4.375000000000000000e+01 1.720835666087161542e-02
4.666666666666666430e+01 1.007749653770221264e-02
4.958333333333332860e+01 6.600465568553495754e-03
5.250000000000000000e+01 4.081091434127943028e-03
5.541666666666666430e+01 2.489907770280224992e-03
5.833333333333332860e+01 1.149188201667796167e-03
6.125000000000000000e+01 7.219259215605385981e-04
6.416666666666665719e+01 4.861950083979137962e-04
6.708333333333332860e+01 3.683295518166013411e-04
7.000000000000000000e+01 0.000000000000000000e+00
