0.000000000000000000e+00 0.000000000000000000e+00
2.916666666666666519e+00 3.574194317031036182e-05
5.833333333333333037e+00 1.131828200393161354e-03
8.750000000000000000e+00 7.672603800559956930e-03
1.166666666666666607e+01 3.046404956216119606e-02
1.458333333333333215e+01 7.055459581819265025e-02
1.750000000000000000e+01 1.141240245428009753e-01
2.041666666666666430e+01 1.460892357181152179e-01
2.333333333333333215e+01 1.520938821707273347e-01
2.625000000000000000e+01 1.331744802525763882e-01
2.916666666666666430e+01 1.093584321200929271e-01
3.208333333333332860e+01 8.025257639840352453e-02
3.500000000000000000e+01 5.621016262584142831e-02
3.791666666666666430e+01 3.807708345743730100e-02
4.083333333333332860e+01 2.362542443557514790e-02
4.375000000000000000e+01 1.471376660511109803e-02
4.666666666666666430e+01 8.721034133555728013e-03
4.958333333333332860e+01 5.897420623101209090e-03
5.250000000000000000e+01 3.264430809555012893e-03
5.541666666666666430e+01 1.953892893310299472e-03
5.833333333333332860e+01 1.000774408768689968e-03
6.125000000000000000e+01 5.361291475546554408e-04
6.416666666666665719e+01 4.050753559301840554e-04
6.708333333333332860e+01 2.740215643057127785e-04
7.000000000000000000e+01 0.000000000000000000e+00
