0.000000000000000000e+00 0.000000000000000000e+00
2.916666666666666519e+00 0.000000000000000000e+00
5.833333333333333037e+00 2.790957298353335361e-04
8.750000000000000000e+00 2.232765838682668289e-03
1.166666666666666607e+01 8.372871895060005759e-03
1.458333333333333215e+01 2.735138152386268340e-02
1.750000000000000000e+01 5.916829472509070598e-02
2.041666666666666430e+01 9.796260117220206842e-02
2.333333333333333215e+01 1.339659503209600921e-01
2.625000000000000000e+01 1.356405246999720926e-01
2.916666666666666430e+01 1.387105777281607555e-01
3.208333333333332860e+01 1.169411108010047495e-01
3.500000000000000000e+01 8.735696343845938960e-02
3.791666666666666430e+01 6.921574099916270872e-02
4.083333333333332860e+01 4.270164666480602556e-02
4.375000000000000000e+01 3.321239185040469194e-02
4.666666666666666430e+01 2.149037119732068180e-02
4.958333333333332860e+01 8.931063354730673157e-03
5.250000000000000000e+01 5.861010326542004205e-03
5.541666666666666430e+01 5.302818866871336807e-03
5.833333333333332860e+01 2.232765838682668289e-03
6.125000000000000000e+01 1.395478649176667627e-03
6.416666666666665719e+01 2.790957298353335361e-04
6.708333333333332860e+01 5.581914596706670723e-04
7.000000000000000000e+01 0.000000000000000000e+00
