0.000000000000000000e+00 2.001025813232990577e-04
2.916666666666666519e+00 1.984925605540311267e-03
5.833333333333333037e+00 1.136904666070192270e-02
8.750000000000000000e+00 3.504095202828116234e-02
1.166666666666666607e+01 7.449566099402682440e-02
1.458333333333333215e+01 1.149485828367185908e-01
1.750000000000000000e+01 1.406767147296200116e-01
2.041666666666666430e+01 1.468821947803126693e-01
2.333333333333333215e+01 1.322402058986560935e-01
2.625000000000000000e+01 1.072825839453328961e-01
2.916666666666666430e+01 7.994903134250432031e-02
3.208333333333332860e+01 5.618742481778014886e-02
3.500000000000000000e+01 3.757098466570218953e-02
3.791666666666666430e+01 2.427911320056028860e-02
4.083333333333332860e+01 1.490879232342097287e-02
4.375000000000000000e+01 8.935615269436975386e-03
4.666666666666666430e+01 5.418869903421753842e-03
4.958333333333332860e+01 3.284442369306563893e-03
5.250000000000000000e+01 1.927424863780742743e-03
5.541666666666666430e+01 1.074113856068743258e-03
5.833333333333332860e+01 5.773074472660697691e-04
6.125000000000000000e+01 3.151040648424364575e-04
6.416666666666665719e+01 1.840023736306198288e-04
6.708333333333332860e+01 1.127014538487546431e-04
7.000000000000000000e+01 0.000000000000000000e+00
