3.857370842560252089e-01 9.651119146293732007e-03
2.870512754339863970e-01 9.386052970299421302e-03
4.474312971033685971e-01 1.198435526278373089e-02
3.141420458584242015e-01 1.117153636963266229e-02
2.284649601231934779e-01 9.632020234941241627e-03
1.650112349397911959e-01 7.106054215778990699e-03
1.333837638265232550e-02 1.439174110918388719e-03
1.335038987619997265e-02 1.106897955958475923e-03
4.006646903085418071e-02 2.110597054299383213e-03
1.679777994821748596e-02 1.470234417764168045e-03
