5.000000000000000000e-01 3.267773324289293679e-01
1.500000000000000000e+00 8.189118692194855553e-01
2.500000000000000000e+00 7.407477811894974673e-01
3.500000000000000000e+00 8.031635640421878053e-01
4.500000000000000000e+00 9.152973296101692968e-01
5.500000000000000000e+00 8.830872974109947871e-01
6.500000000000000000e+00 8.266773056974431322e-01
7.500000000000000000e+00 7.942453571473402363e-01
8.500000000000000000e+00 7.759446075160277845e-01
9.500000000000000000e+00 7.480953907213875320e-01
