5.000000000000000000e-01 1.973200255033384032e+00
1.500000000000000000e+00 2.228691973314889552e+00
2.500000000000000000e+00 1.147097647591428737e+00
3.500000000000000000e+00 9.419911279527186654e-01
4.500000000000000000e+00 9.979650983279889642e-01
5.500000000000000000e+00 9.346433571074579394e-01
6.500000000000000000e+00 8.698349008884679323e-01
7.500000000000000000e+00 8.405428056492501021e-01
8.500000000000000000e+00 8.380363362718389331e-01
9.500000000000000000e+00 8.100147768630316936e-01
