5.000000000000000000e-01 1.189660006806885634e-01
1.500000000000000000e+00 3.844843210404862432e-01
2.500000000000000000e+00 4.268982865005578886e-01
3.500000000000000000e+00 5.815646433748655753e-01
4.500000000000000000e+00 7.810802281227172683e-01
5.500000000000000000e+00 8.158910328153725633e-01
6.500000000000000000e+00 7.907397976810572882e-01
7.500000000000000000e+00 7.847847983067335331e-01
8.500000000000000000e+00 7.797191928671214356e-01
9.500000000000000000e+00 7.575396148366476679e-01
