5.000000000000000000e-01 1.891143712376220032e+00
1.500000000000000000e+00 2.126181017848067345e+00
2.500000000000000000e+00 1.134381204246316610e+00
3.500000000000000000e+00 9.919478293849596229e-01
4.500000000000000000e+00 1.073888706047169572e+00
5.500000000000000000e+00 9.904682431748079718e-01
6.500000000000000000e+00 8.979413135563020232e-01
7.500000000000000000e+00 8.726374248434215497e-01
8.500000000000000000e+00 8.596323669704329928e-01
9.500000000000000000e+00 8.308501880852233734e-01
