5.000000000000000000e-01 5.550315492452608801e+00
1.500000000000000000e+00 3.647350180754571625e+00
2.500000000000000000e+00 1.110063098490521538e+00
3.500000000000000000e+00 6.893394751559217548e-01
4.500000000000000000e+00 7.831132969950771461e-01
5.500000000000000000e+00 8.230456031311071952e-01
6.500000000000000000e+00 8.079157462386638011e-01
7.500000000000000000e+00 7.393372636930524155e-01
8.500000000000000000e+00 7.528455616060286681e-01
9.500000000000000000e+00 7.599561378664830835e-01
