5.000000000000000000e-01 0.000000000000000000e+00
1.500000000000000000e+00 2.626215655993440756e-01
2.500000000000000000e+00 7.311384386285736392e-01
3.500000000000000000e+00 8.007277938886123714e-01
4.500000000000000000e+00 8.306622852660733303e-01
5.500000000000000000e+00 8.972541753617259142e-01
6.500000000000000000e+00 8.587259002970266675e-01
7.500000000000000000e+00 8.389883615680377993e-01
8.500000000000000000e+00 7.758695249436674546e-01
9.500000000000000000e+00 7.468346239453921287e-01
