0.000000000000000000e+00 6.077966727064971347e-04
2.346938775510204245e+00 1.799078151211231432e-03
4.693877551020408490e+00 3.069015669713277480e-03
7.040816326530612734e+00 5.054008097281789853e-03
9.387755102040816979e+00 8.211690575719309687e-03
1.173469387755102034e+01 1.250202003011811197e-02
1.408163265306122547e+01 1.917634255134451765e-02
1.642857142857143060e+01 2.737230191906436447e-02
1.877551020408163396e+01 3.648496168020742142e-02
2.112244897959183731e+01 4.513283575045727580e-02
2.346938775510204067e+01 5.211749210221852668e-02
2.581632653061224758e+01 5.703420965695955858e-02
2.816326530612245094e+01 5.856156694272553198e-02
3.051020408163265429e+01 5.835134079945999280e-02
3.285714285714286120e+01 5.705423119441341978e-02
3.520408163265306456e+01 5.541532534283307582e-02
3.755102040816326792e+01 5.348753730798987832e-02
3.989795918367347127e+01 5.096768380843964830e-02
4.224489795918367463e+01 4.835201295107451058e-02
4.459183673469387799e+01 4.394441449158881241e-02
4.693877551020408134e+01 4.053646279497802318e-02
4.928571428571429180e+01 3.663083288165698559e-02
5.163265306122449516e+01 3.252355748397919161e-02
5.397959183673469852e+01 2.856501350738723313e-02
5.632653061224490187e+01 2.544308377440303651e-02
5.867346938775510523e+01 2.230399272360124655e-02
6.102040816326530859e+01 1.908767574262027616e-02
6.336734693877551194e+01 1.676231717833612592e-02
6.571428571428572241e+01 1.455136739950260716e-02
6.806122448979591866e+01 1.263072991375007760e-02
7.040816326530612912e+01 1.047126408836934579e-02
7.275510204081632537e+01 9.131251188778785957e-03
7.510204081632653583e+01 7.686840272464522637e-03
7.744897959183674629e+01 6.418332863780610090e-03
7.979591836734694255e+01 5.285685887819325905e-03
8.214285714285715301e+01 4.261727258036144411e-03
8.448979591836734926e+01 3.522360482061417681e-03
8.683673469387755972e+01 2.702907556271246133e-03
8.918367346938775597e+01 2.109411981746078368e-03
9.153061224489796643e+01 1.468722783222523726e-03
9.387755102040816269e+01 1.158388952687676790e-03
9.622448979591837315e+01 8.108722668813737964e-04
9.857142857142858361e+01 4.962481068921282016e-04
1.009183673469387799e+02 3.346456974431066367e-04
1.032653061224489903e+02 1.844841665391485513e-04
1.056122448979591866e+02 1.029679069055712759e-04
1.079591836734693970e+02 4.719362399838683650e-05
1.103061224489795933e+02 1.859142763572814761e-05
1.126530612244898037e+02 1.001076872693054128e-05
1.150000000000000000e+02 0.000000000000000000e+00
