0.000000000000000000e+00 0.000000000000000000e+00
2.346938775510204245e+00 0.000000000000000000e+00
4.693877551020408490e+00 0.000000000000000000e+00
7.040816326530612734e+00 1.044677368805933831e-04
9.387755102040816979e+00 8.821720003250107123e-04
1.173469387755102034e+01 2.658123527295098293e-03
1.408163265306122547e+01 6.535037318197119312e-03
1.642857142857143060e+01 1.493888637392485307e-02
1.877551020408163396e+01 2.445705795637891436e-02
2.112244897959183731e+01 3.526366496036029835e-02
2.346938775510204067e+01 4.376037422664855875e-02
2.581632653061224758e+01 4.966860512356211649e-02
2.816326530612245094e+01 5.078292765028844663e-02
3.051020408163265429e+01 5.222226091397662306e-02
3.285714285714286120e+01 5.323211570382235802e-02
3.520408163265306456e+01 5.099186312404963700e-02
3.755102040816326792e+01 4.929716428132000644e-02
3.989795918367347127e+01 4.608187949066174655e-02
4.224489795918367463e+01 4.638367517498345749e-02
4.459183673469387799e+01 4.344697101600678013e-02
4.693877551020408134e+01 4.262283664728210020e-02
4.928571428571429180e+01 4.196120764703833994e-02
5.163265306122449516e+01 4.015043354110805346e-02
5.397959183673469852e+01 3.816554654037677963e-02
5.632653061224490187e+01 3.546099290780142105e-02
5.867346938775510523e+01 3.311627259114809790e-02
6.102040816326530859e+01 2.878666527376350787e-02
6.336734693877551194e+01 2.682499332567236591e-02
6.571428571428572241e+01 2.360970853501410255e-02
6.806122448979591866e+01 2.045246137595617061e-02
7.040816326530612912e+01 1.780594537498113653e-02
7.275510204081632537e+01 1.484602616336432555e-02
7.510204081632653583e+01 1.277988647839259015e-02
7.744897959183674629e+01 1.107358010934289712e-02
7.979591836734694255e+01 9.483349003493865212e-03
8.214285714285715301e+01 7.579714687003052953e-03
8.448979591836734926e+01 6.453784633956657739e-03
8.683673469387755972e+01 4.968021264988218416e-03
8.918367346938775597e+01 3.911736369862218836e-03
9.153061224489796643e+01 2.867059001056284761e-03
9.387755102040816269e+01 2.402757948253647635e-03
9.622448979591837315e+01 1.508978421608570984e-03
9.857142857142858361e+01 1.044677368805933858e-03
1.009183673469387799e+02 6.500214739236921495e-04
1.032653061224489903e+02 3.482257896019778985e-04
1.056122448979591866e+02 2.205430000812526781e-04
1.079591836734693970e+02 1.044677368805933831e-04
1.103061224489795933e+02 8.125268424046151869e-05
1.126530612244898037e+02 1.160752632006593051e-05
1.150000000000000000e+02 0.000000000000000000e+00
