0.000000000000000000e+00 0.000000000000000000e+00
2.346938775510204245e+00 0.000000000000000000e+00
4.693877551020408490e+00 1.567938787669729344e-05
7.040816326530612734e+00 1.097557151368810507e-04
9.387755102040816979e+00 3.763053090407350696e-04
1.173469387755102034e+01 9.930278988574952215e-04
1.408163265306122547e+01 3.041801248079274798e-03
1.642857142857143060e+01 8.398925439284183475e-03
1.877551020408163396e+01 1.716370326235797106e-02
2.112244897959183731e+01 2.921853930822540524e-02
2.346938775510204067e+01 4.065403953296330142e-02
2.581632653061224758e+01 4.983693436608235133e-02
2.816326530612245094e+01 5.476026215936529579e-02
3.051020408163265429e+01 5.662349608537949053e-02
3.285714285714286120e+01 5.845798446695307793e-02
3.520408163265306456e+01 5.935432280723760418e-02
3.755102040816326792e+01 5.990048815160922691e-02
3.989795918367347127e+01 5.923672739816237404e-02
4.224489795918367463e+01 5.790136619733032147e-02
4.459183673469387799e+01 5.386653705039354950e-02
4.693877551020408134e+01 5.011393688523733264e-02
4.928571428571429180e+01 4.568712304138312919e-02
5.163265306122449516e+01 4.101989191675290553e-02
5.397959183673469852e+01 3.548245476496597606e-02
5.632653061224490187e+01 3.189710140382786413e-02
5.867346938775510523e+01 2.791715011445953035e-02
6.102040816326530859e+01 2.407570008466869416e-02
6.336734693877551194e+01 2.119330594666917617e-02
6.571428571428572241e+01 1.854087616419454812e-02
6.806122448979591866e+01 1.610534458068090327e-02
7.040816326530612912e+01 1.386319211431319073e-02
7.275510204081632537e+01 1.230570625189459331e-02
7.510204081632653583e+01 1.032226368549238500e-02
7.744897959183674629e+01 8.835335068518924626e-03
7.979591836734694255e+01 7.324887369730419436e-03
8.214285714285715301e+01 6.094055421409681587e-03
8.448979591836734926e+01 5.155905380120626505e-03
8.683673469387755972e+01 3.940752819676586645e-03
8.918367346938775597e+01 3.172462813718419060e-03
9.153061224489796643e+01 2.192501071424838178e-03
9.387755102040816269e+01 1.808356068445754602e-03
9.622448979591837315e+01 1.246511336197434752e-03
9.857142857142858361e+01 7.447709241431214704e-04
1.009183673469387799e+02 5.069668746798791691e-04
1.032653061224489903e+02 2.822289817805512615e-04
1.056122448979591866e+02 1.541806474541900515e-04
1.079591836734693970e+02 7.055724544513781538e-05
1.103061224489795933e+02 2.613231312782882126e-05
1.126530612244898037e+02 1.045292525113152952e-05
1.150000000000000000e+02 0.000000000000000000e+00
