4.908308672699349736e-05 6.467921763410703370e-05
9.898139149839829535e-06 2.969441744951949199e-05
2.321872730198316890e-05 4.719889335180459133e-05
4.065906062656938214e-01 4.911387534861838544e-03
1.079796998164345117e-05 3.239390994493035860e-05
3.760584433687264583e-01 4.732434392722079455e-03
0.000000000000000000e+00 0.000000000000000000e+00
1.381904087326230545e-04 1.119719587989760618e-04
8.606290268115932562e-01 3.142954559252955030e-03
3.741316485666197900e-01 5.251638384768082292e-03
